file	product	N_diffs	S_diffs	N_diffs_vs_ref	S_diffs_vs_ref	N_sites	S_sites	piN	piS	mean_dN_vs_ref	mean_dS_vs_ref	mean_gdiv_polymorphic	mean_N_gdiv	mean_S_gdiv
temp_vcf4_SM_AS17.vcf	Brahy.D01G0001300.v1.1	0	0	11	8	2910.49999999999	857.500000000004	0	0	0.00377941934375538	0.0093294460641399	0	*	*
temp_vcf4_SM_AS17.vcf	Brahy.D01G0003000.v1.1	0	0	24	48	4686.33333333332	1535.66666666665	0	0	0.00512127462835196	0.0312567831560672	-8	*	*
temp_vcf4_SM_AS17.vcf	Brahy.D01G0003500.v1.1	0	0	2	0	797.499999999998	216.500000000001	0	0	0.00250783699059562	0	0	*	*
temp_vcf4_SM_AS17.vcf	Brahy.D01G0003600.v1.1	0	0	3	8	1262.66666666667	465.333333333333	0	0	0.00237592397043295	0.0171919770773639	0	*	*
temp_vcf4_SM_AS17.vcf	Brahy.D01G0004900.v1.1	0	0	12	3	1801.33333333334	649.666666666667	0	0	0.00666173205033306	0.00461775269368907	-8	*	*
temp_vcf4_SM_AS17.vcf	Brahy.D01G0005800.v1.1	0	0	6	3	659.499999999999	210.5	0	0	0.00909780136467021	0.0142517814726841	0	*	*
temp_vcf4_SM_AS17.vcf	Brahy.D01G0006400.v1.1	0	0	6	8	1581	521.999999999998	0	0	0.00379506641366223	0.0153256704980843	0	*	*
temp_vcf4_SM_AS17.vcf	Brahy.D01G0009100.v1.1	0	0	8	7	2282.33333333334	681.666666666668	0	0	0.00350518475244632	0.0102689486552567	0	*	*
temp_vcf4_SM_AS17.vcf	Brahy.D01G0009200.v1.1	0	0	13	10	2181.66666666667	665.333333333334	0	0	0.00595874713521771	0.0150300601202405	0	*	*
temp_vcf4_SM_AS17.vcf	Brahy.D01G0009700.v1.1	0	0	1	4	468.000000000001	183	0	0	0.00213675213675213	0.0218579234972677	0	*	*
temp_vcf4_SM_AS17.vcf	Brahy.D01G0011200.v1.1	0	0	8	4	2149.66666666667	649.333333333334	0	0	0.00372150721042021	0.00616016427104722	0	*	*
temp_vcf4_SM_AS17.vcf	Brahy.D01G0012200.v1.1	0	0	2	1	1028.16666666666	348.833333333333	0	0	0.0019452099205706	0.00286669851887243	0	*	*
temp_vcf4_SM_AS17.vcf	Brahy.D01G0012400.v1.1	0	0	5	2	1640.16666666667	528.833333333332	0	0	0.00304847068387358	0.00378190986448157	0	*	*
temp_vcf4_SM_AS17.vcf	Brahy.D01G0013700.v1.1	0	0	8	8	2323.5	682.500000000001	0	0	0.0034430815579944	0.0117216117216117	0	*	*
temp_vcf4_SM_AS17.vcf	Brahy.D01G0015400.v1.1	0	0	4	7	637.5	238.5	0	0	0.00627450980392157	0.0293501048218029	0	*	*
temp_vcf4_SM_AS17.vcf	Brahy.D01G0017600.v1.1	0	0	0	0	352.833333333333	112.166666666667	0	0	0	0	*	*	*
temp_vcf4_SM_AS17.vcf	Brahy.D01G0019000.v1.1	0	0	21	10	1201.83333333333	346.166666666666	0	0	0.0174733046734156	0.0288878189696678	0	*	*
temp_vcf4_SM_AS17.vcf	Brahy.D01G0020300.v1.1	0	0	0	10	2208.33333333334	599.666666666667	0	0	0	0.0166759310728182	-6	*	*
temp_vcf4_SM_AS17.vcf	Brahy.D01G0020900.v1.1	0.26984126984127	0	3.89285714285714	2.96428571428571	463.559523809524	166.440476190476	0.000582107056335978	0	0.00839775032743521	0.0178098848437165	0.0371720116618076	0.130102040816326	*
temp_vcf4_SM_AS17.vcf	Brahy.D01G0021100.v1.1	0	0	6	2	1353.83333333334	419.166666666666	0	0	0.00443186015019081	0.00477137176938371	0	*	*
temp_vcf4_SM_AS17.vcf	Brahy.D01G0023100.v1.1	0.389811738648948	0	1.25581395348837	0	1121.41860465116	312.581395348837	0.000347605913645606	0	0.00111984405134692	0	0.190373174689021	0.380746349378042	*
temp_vcf4_SM_AS17.vcf	Brahy.D01G0024800.v1.1	0	0	2	6	1590.16666666667	485.833333333333	0	0	0.00125772979771512	0.0123499142367067	-3	*	*
temp_vcf4_SM_AS17.vcf	Brahy.D01G0027800.v1.1	0	0.159420289855073	20	15.9166666666667	2228.44444444445	663.555555555556	0	0.000240251608957745	0.00897487036298363	0.0239869390488948	0.00424382716049383	*	0.152777777777778
temp_vcf4_SM_AS17.vcf	Brahy.D01G0028400.v1.1	0	0	0	0	403	134	0	0	0	0	*	*	*
temp_vcf4_SM_AS17.vcf	Brahy.D01G0029700.v1.1	0	0	1	2	450.666666666667	167.333333333333	0	0	0.0022189349112426	0.0119521912350598	0	*	*
temp_vcf4_SM_AS17.vcf	Brahy.D01G0029900.v1.1	0	0	2	0	442.833333333334	163.166666666667	0	0	0.00451637184794881	0	0	*	*
temp_vcf4_SM_AS17.vcf	Brahy.D01G0030100.v1.1	0	0	10	24	5355.33333333335	1691.66666666666	0	0	0.00186729739823229	0.0141871921182267	-3	*	*
temp_vcf4_SM_AS17.vcf	Brahy.D01G0030300.v1.1	0	0	12	15	2161.66666666667	559.333333333332	0	0	0.00555127216653814	0.0268176400476759	-8	*	*
temp_vcf4_SM_AS17.vcf	Brahy.D01G0033300.v1.1	0	0	0	1	460.5	145.5	0	0	0	0.00687285223367698	0	*	*
temp_vcf4_SM_AS17.vcf	Brahy.D01G0034300.v1.1	0	0	3	2	430.666666666667	148.333333333333	0	0	0.00696594427244582	0.0134831460674157	0	*	*
temp_vcf4_SM_AS17.vcf	Brahy.D01G0036400.v1.1	0	0	19.0588235294118	13.9411764705882	1066.16666666666	340.833333333333	0	0	0.0178760264462202	0.0409032072486697	0	*	*
temp_vcf4_SM_AS17.vcf	Brahy.D01G0036500.v1.1	0	0	1	0	374.5	132.5	0	0	0.00267022696929239	0	0	*	*
temp_vcf4_SM_AS17.vcf	Brahy.D01G0036900.v1.1	0	0	7	4	1219.33333333333	400.666666666666	0	0	0.00574084199015856	0.00998336106489186	0	*	*
temp_vcf4_SM_AS17.vcf	Brahy.D01G0038700.v1.1	0	0	1	5	737.999999999999	234.000000000001	0	0	0.0013550135501355	0.0213675213675213	0	*	*
temp_vcf4_SM_AS17.vcf	Brahy.D01G0040900.v1.1	0	0	6	3	532	170	0	0	0.0112781954887218	0.0176470588235294	0	*	*
temp_vcf4_SM_AS17.vcf	Brahy.D01G0042500.v1.1	0	0	5	1	1498.83333333334	442.166666666665	0	0	0.0033359279439564	0.00226159065209198	0	*	*
temp_vcf4_SM_AS17.vcf	Brahy.D01G0042900.v1.1	0	0	2	2	325.166666666667	88.8333333333333	0	0	0.0061506919528447	0.0225140712945591	0	*	*
temp_vcf4_SM_AS17.vcf	Brahy.D01G0043000.v1.1	0	0	0	3	348.333333333334	110.666666666667	0	0	0	0.0271084337349398	0	*	*
temp_vcf4_SM_AS17.vcf	Brahy.D01G0043600.v1.1	0	0	2	3	492.000000000001	150	0	0	0.0040650406504065	0.02	0	*	*
temp_vcf4_SM_AS17.vcf	Brahy.D01G0044600.v1.1	0.479697033452556	0	3.61224489795918	3	996.666666666665	329.333333333333	0.000481301371357081	0	0.00362432598457444	0.00910931174089069	0.0678288808234664	0.474802165764265	*
temp_vcf4_SM_AS17.vcf	Brahy.D01G0044900.v1.1	0	0	6	6	749.499999999999	258.500000000001	0	0	0.00800533689126085	0.02321083172147	0	*	*
temp_vcf4_SM_AS17.vcf	Brahy.D01G0047900.v1.1	0	0	2	3	505.166666666667	187.833333333333	0	0	0.00395908940943583	0.0159716060337178	0	*	*
temp_vcf4_SM_AS17.vcf	Brahy.D01G0050900.v1.1	0	0	1	0	1715.5	558.499999999998	0	0	0.000582920431361118	0	0	*	*
temp_vcf4_SM_AS17.vcf	Brahy.D01G0051200.v1.1	0	0	4	4	1276.66666666667	439.333333333333	0	0	0.0031331592689295	0.00910470409711685	-3	*	*
temp_vcf4_SM_AS17.vcf	Brahy.D01G0054600.v1.1	0	0	0	2	435.166666666667	137.833333333333	0	0	0	0.0145102781136639	0	*	*
temp_vcf4_SM_AS17.vcf	Brahy.D01G0055100.v1.1	0	0	1	2	625.166666666666	208.833333333334	0	0	0.00159957344708078	0.00957701516360733	0	*	*
temp_vcf4_SM_AS17.vcf	Brahy.D01G0055800.v1.1	0	0	1	0	455.5	168.5	0	0	0.0021953896816685	0	0	*	*
temp_vcf4_SM_AS17.vcf	Brahy.D01G0056100.v1.1	0	0	0	2	959.666666666665	285.333333333334	0	0	0	0.00700934579439252	0	*	*
temp_vcf4_SM_AS17.vcf	Brahy.D01G0056400.v1.1	0	0	0	0	239.333333333333	78.6666666666667	0	0	0	0	*	*	*
temp_vcf4_SM_AS17.vcf	Brahy.D01G0056700.v1.1	0	0	0	0	1289.66666666667	390.333333333333	0	0	0	0	*	*	*
temp_vcf4_SM_AS17.vcf	Brahy.D01G0057700.v1.1	0	0	1	0	924.666666666665	281.333333333334	0	0	0.00108147080028839	0	0	*	*
temp_vcf4_SM_AS17.vcf	Brahy.D01G0058000.v1.1	0	0	7	5	929.666666666665	279.333333333334	0	0	0.00752958049480101	0.0178997613365155	0	*	*
temp_vcf4_SM_AS17.vcf	Brahy.D01G0058200.v1.1	0	0	0	0	512.666666666667	183.333333333334	0	0	0	0	*	*	*
temp_vcf4_SM_AS17.vcf	Brahy.D01G0062600.v1.1	0	0	1	4	726.999999999999	242	0	0	0.00137551581843191	0.0165289256198347	0	*	*
temp_vcf4_SM_AS17.vcf	Brahy.D01G0063000.v1.1	0	0	8	2	1134	389.999999999999	0	0	0.00705467372134039	0.00512820512820514	0	*	*
temp_vcf4_SM_AS17.vcf	Brahy.D01G0067100.v1.1	0	0	240	704	51724.333333331	13990.6666666672	0	0	0.00463998247117754	0.050319260459352	-63	*	*
temp_vcf4_SM_AS17.vcf	Brahy.D01G0073000.v1.1	0	0	1	1	1251	393	0	0	0.000799360511590727	0.00254452926208652	0	*	*
temp_vcf4_SM_AS17.vcf	Brahy.D01G0073500.v1.1	0	0	2	1	1242	423	0	0	0.00161030595813204	0.00236406619385343	0	*	*
temp_vcf4_SM_AS17.vcf	Brahy.D01G0074500.v1.1	0	0	0	0	2976.49999999999	959.500000000005	0	0	0	0	*	*	*
temp_vcf4_SM_AS17.vcf	Brahy.D01G0074700.v1.1	0.751948051948052	0.751948051948052	0.7	0.2	1311.25	434.749999999999	0.000573458952867914	0.00172961024024854	0.000533841754051477	0.000460034502587695	0.3475	0.3475	0.3475
temp_vcf4_SM_AS17.vcf	Brahy.D01G0074900.v1.1	0	0	0	0	376.5	124.5	0	0	0	0	*	*	*
temp_vcf4_SM_AS17.vcf	Brahy.D01G0076200.v1.1	0	0	8	7	1858.33333333334	553.666666666666	0	0	0.004304932735426	0.0126429861529199	0	*	*
temp_vcf4_SM_AS17.vcf	Brahy.D01G0076400.v1.1	0	0	1	2	1422.66666666667	446.333333333332	0	0	0.000702905342080598	0.00448095593726663	0	*	*
temp_vcf4_SM_AS17.vcf	Brahy.D01G0076800.v1.1	0	0	0	3	450.5	161.5	0	0	0	0.0185758513931889	0	*	*
temp_vcf4_SM_AS17.vcf	Brahy.D01G0077400.v1.1	0	0	5	1	715.499999999999	238.500000000001	0	0	0.00698812019566737	0.00419287211740041	0	*	*
temp_vcf4_SM_AS17.vcf	Brahy.D01G0079600.v1.1	0	0	0	0	544	182	0	0	0	0	*	*	*
temp_vcf4_SM_AS17.vcf	Brahy.D01G0081500.v1.1	0.308823529411765	0	6.82352941176471	4	960.176470588234	293.823529411765	0.000321632052931447	0	0.00710653678858054	0.0136136136136136	0.0264234035860333	0.290657439446367	*
temp_vcf4_SM_AS17.vcf	Brahy.D01G0086800.v1.1	0	0	3	6	1007.5	369.499999999999	0	0	0.00297766749379653	0.0162381596752368	0	*	*
temp_vcf4_SM_AS17.vcf	Brahy.D01G0088900.v1.1	0	0	0	0	497.333333333334	177.666666666667	0	0	0	0	*	*	*
temp_vcf4_SM_AS17.vcf	Brahy.D01G0089700.v1.1	0	0	0	1	1672.66666666667	505.333333333331	0	0	0	0.00197889182058048	0	*	*
temp_vcf4_SM_AS17.vcf	Brahy.D01G0090500.v1.1	0	0	1	0	1671.16666666667	566.833333333333	0	0	0.000598384362221999	0	0	*	*
temp_vcf4_SM_AS17.vcf	Brahy.D01G0092800.v1.1	0.443548387096774	0	0.3125	0	1368.16666666667	485.833333333332	0.000324191780068296	0	0.000228407845048118	0	0.4296875	0.4296875	*
temp_vcf4_SM_AS17.vcf	Brahy.D01G0093100.v1.1	0	0	0	0	348.166666666667	119.833333333333	0	0	0	0	*	*	*
temp_vcf4_SM_AS17.vcf	Brahy.D01G0093200.v1.1	0	0	0	0	463.833333333334	166.166666666667	0	0	0	0	*	*	*
temp_vcf4_SM_AS17.vcf	Brahy.D01G0094000.v1.1	0	0	0	0	182.5	57.5	0	0	0	0	*	*	*
temp_vcf4_SM_AS17.vcf	Brahy.D01G0094400.v1.1	0	0	0	0	516	186	0	0	0	0	*	*	*
temp_vcf4_SM_AS17.vcf	Brahy.D01G0095500.v1.1	0	0	2	3	851.333333333332	249.666666666667	0	0	0.00234925606891151	0.0120160213618157	0	*	*
temp_vcf4_SM_AS17.vcf	Brahy.D01G0097400.v1.1	0	0	0	0	940.333333333331	289.666666666667	0	0	0	0	*	*	*
temp_vcf4_SM_AS17.vcf	Brahy.D01G0100000.v1.1	0	0	2	1	913.833333333332	286.166666666667	0	0	0.00218858289257706	0.0034944670937682	0	*	*
temp_vcf4_SM_AS17.vcf	Brahy.D01G0100900.v1.1	0	0	0	8	3209.66666666667	1143.33333333333	0	0	0	0.00699708454810495	-3	*	*
temp_vcf4_SM_AS17.vcf	Brahy.D01G0101800.v1.1	0	0	1	2	1106.16666666666	333.833333333333	0	0	0.000904022901913517	0.00599101347978034	0	*	*
temp_vcf4_SM_AS17.vcf	Brahy.D01G0102300.v1.1	0	0	2	3	1043.83333333333	342.166666666666	0	0	0.00191601468944596	0.00876765708718949	0	*	*
temp_vcf4_SM_AS17.vcf	Brahy.D01G0102900.v1.1	0	0	1	1	1027.83333333333	334.166666666667	0	0	0.000972920382682019	0.0029925187032419	0	*	*
temp_vcf4_SM_AS17.vcf	Brahy.D01G0103900.v1.1	0	0	3	1	1450.16666666667	481.833333333332	0	0	0.00206872773244454	0.00207540643375995	0	*	*
temp_vcf4_SM_AS17.vcf	Brahy.D01G0105500.v1.1	0	0	1	1	2616.99999999999	803.000000000004	0	0	0.000382116927779901	0.00124533001245329	0	*	*
temp_vcf4_SM_AS17.vcf	Brahy.D01G0108200.v1.1	0	0	9	9	4412.66666666664	1491.33333333333	0	0	0.00203958301858288	0.00603486812695576	-8	*	*
temp_vcf4_SM_AS17.vcf	Brahy.D01G0108400.v1.1	2.82524841953413	0.184615384615385	49.6984458497415	50.7388527302813	5054.77563905694	1434.22690021857	0.000558926571874758	0.000128721183926511	0.00983197858787927	0.0353771448036213	-5.93282176307856	0.326335719503287	0.455807158509861
temp_vcf4_SM_AS17.vcf	Brahy.D01G0109000.v1.1	0	0	0	0	380.5	135.5	0	0	0	0	*	*	*
temp_vcf4_SM_AS17.vcf	Brahy.D01G0111300.v1.1	0	0	2	0	1175.16666666667	351.833333333333	0	0	0.00170188625726847	0	0	*	*
temp_vcf4_SM_AS17.vcf	Brahy.D01G0114200.v1.1	0	0	1	0	367.166666666667	94.8333333333333	0	0	0.00272355878347708	0	0	*	*
temp_vcf4_SM_AS17.vcf	Brahy.D01G0115100.v1.1	0	0	4	0	1706.33333333334	543.666666666665	0	0	0.0023442078530963	0	-3	*	*
temp_vcf4_SM_AS17.vcf	Brahy.D01G0117500.v1.1	0	0	0	0	710.499999999999	255.5	0	0	0	0	*	*	*
temp_vcf4_SM_AS17.vcf	Brahy.D01G0117800.v1.1	0	0	0	0	1482.33333333334	506.666666666665	0	0	0	0	*	*	*
temp_vcf4_SM_AS17.vcf	Brahy.D01G0118500.v1.1	0	0	478.2	387	78528.1639999945	20574.2080000012	0	0	0.00608953495971246	0.0188099585655972	-32.3248275862069	*	*
temp_vcf4_SM_AS17.vcf	Brahy.D01G0119000.v1.1	0	0	0	0	2443.33333333334	652.666666666667	0	0	0	0	*	*	*
temp_vcf4_SM_AS17.vcf	Brahy.D01G0123900.v1.1	3.26160148908048	1.83582731338149	2.75124331550802	2.53479188166495	1905.99620320856	592.441296791444	0.00171123189206247	0.00309874973828463	0.0014434673641409	0.00427855366496719	0.32223339554577	0.344450333900483	0.433361982020552
temp_vcf4_SM_AS17.vcf	Brahy.D01G0125000.v1.1	0	0	16	21.7333333333333	2150.13555555556	689.317777777778	0	0	0.00744139129212523	0.0315287579023382	-2.94844444444444	*	*
temp_vcf4_SM_AS17.vcf	Brahy.D01G0126700.v1.1	0	0	7	11	1495.66666666667	457.333333333332	0	0	0.00468018720748829	0.0240524781341109	0	*	*
temp_vcf4_SM_AS17.vcf	Brahy.D01G0128700.v1.1	0	0	14	42	1431.33333333333	425.666666666666	0	0	0.00978108989287377	0.0986687548942836	-2.6	*	*
temp_vcf4_SM_AS17.vcf	Brahy.D01G0130400.v1.1	0	0	2	1	686.166666666666	189.833333333334	0	0	0.00291474374544571	0.00526777875329235	0	*	*
temp_vcf4_SM_AS17.vcf	Brahy.D01G0131000.v1.1	0	0	6.05555555555556	6.94444444444444	1229	414.999999999999	0	0	0.00492722177018353	0.0167336010709505	0	*	*
temp_vcf4_SM_AS17.vcf	Brahy.D01G0131200.v1.1	0.592307692307692	1.15445665445665	11.675	10.5361111111111	945.762037037036	353.237962962963	0.00062627560539787	0.00326821229737898	0.0123445428583457	0.0298272332416769	0.0654819563152896	0.28875	0.375010288065844
temp_vcf4_SM_AS17.vcf	Brahy.D01G0131400.v1.1	0	0	24	42	3814.99999999998	1126	0	0	0.00629095674967237	0.0373001776198933	-3	*	*
temp_vcf4_SM_AS17.vcf	Brahy.D01G0132400.v1.1	0	0	46	135.826086956522	12049.1528040326	3465.82640201645	0	0	0.00381769579555874	0.0391901010614661	-2.99260294238514	*	*
temp_vcf4_SM_AS17.vcf	Brahy.D01G0133000.v1.1	0	0	1	0	2110.50000000001	604.500000000001	0	0	0.000473821369343756	0	0	*	*
temp_vcf4_SM_AS17.vcf	Brahy.D01G0133900.v1.1	0	0	0	0	263.166666666667	99.8333333333333	0	0	0	0	*	*	*
temp_vcf4_SM_AS17.vcf	Brahy.D01G0134500.v1.1	0	0	0	1	867.333333333332	263.666666666667	0	0	0	0.00379266750948166	0	*	*
temp_vcf4_SM_AS17.vcf	Brahy.D01G0138300.v1.1	0	0	3	1	1032.66666666666	347.333333333333	0	0	0.00290510006455779	0.00287907869481766	0	*	*
temp_vcf4_SM_AS17.vcf	Brahy.D01G0139600.v1.1	0	0	2	1	1158.66666666667	374.333333333333	0	0	0.00172612197928654	0.00267141585040072	0	*	*
temp_vcf4_SM_AS17.vcf	Brahy.D01G0139700.v1.1	0	0	0	0	1143.83333333333	374.166666666666	0	0	0	0	*	*	*
temp_vcf4_SM_AS17.vcf	Brahy.D01G0140400.v1.1	0	0	1	0	1452.83333333333	485.166666666665	0	0	0.000688310198462773	0	0	*	*
temp_vcf4_SM_AS17.vcf	Brahy.D01G0143700.v1.1	0	0	0	0	333.666666666667	110.333333333333	0	0	0	0	*	*	*
temp_vcf4_SM_AS17.vcf	Brahy.D01G0144000.v1.1	0	0	0	0	288	102	0	0	0	0	*	*	*
temp_vcf4_SM_AS17.vcf	Brahy.D01G0144500.v1.1	0	0	0	0	426	147	0	0	0	0	*	*	*
temp_vcf4_SM_AS17.vcf	Brahy.D01G0144900.v1.1	0	0	0	2	517.833333333334	163.166666666667	0	0	0	0.0122574055158325	0	*	*
temp_vcf4_SM_AS17.vcf	Brahy.D01G0148900.v1.1	0	0	0	0	614.166666666667	204.833333333333	0	0	0	0	*	*	*
temp_vcf4_SM_AS17.vcf	Brahy.D01G0149300.v1.1	0	0	5	6	2755.33333333333	886.666666666671	0	0	0.00181466247278007	0.00676691729323305	0	*	*
temp_vcf4_SM_AS17.vcf	Brahy.D01G0149500.v1.1	0	0	3	4	1950.83333333334	623.166666666667	0	0	0.00153780435711234	0.00641882856378711	0	*	*
temp_vcf4_SM_AS17.vcf	Brahy.D01G0151400.v1.1	0	0	0	4	960.666666666666	401.333333333333	0	0	0	0.00996677740863788	-3	*	*
temp_vcf4_SM_AS17.vcf	Brahy.D01G0154200.v1.1	0	0	0	0	1002.16666666666	353.833333333333	0	0	0	0	*	*	*
temp_vcf4_SM_AS17.vcf	Brahy.D01G0154300.v1.1	0	0	0	0	1082.83333333333	342.166666666667	0	0	0	0	*	*	*
temp_vcf4_SM_AS17.vcf	Brahy.D01G0155700.v1.1	0	0	2	1	2187.66666666667	680.333333333335	0	0	0.000914216059728781	0.00146986771190593	0	*	*
temp_vcf4_SM_AS17.vcf	Brahy.D01G0156000.v1.1	0	0	1	2	2410.33333333334	721.666666666669	0	0	0.000414880376158207	0.00277136258660507	0	*	*
temp_vcf4_SM_AS17.vcf	Brahy.D01G0156100.v1.1	0	0	4	1	1311	437.999999999998	0	0	0.0030511060259344	0.00228310502283106	0	*	*
temp_vcf4_SM_AS17.vcf	Brahy.D01G0157200.v1.1	0	0	0	0	641.5	204.5	0	0	0	0	*	*	*
temp_vcf4_SM_AS17.vcf	Brahy.D01G0157700.v1.1	0	0	2	2	1689	515.999999999999	0	0	0.00118413262285376	0.00387596899224807	0	*	*
temp_vcf4_SM_AS17.vcf	Brahy.D01G0161200.v1.1	0	0	2	2	1483.83333333334	439.166666666666	0	0	0.00134786027181849	0.0045540796963947	0	*	*
temp_vcf4_SM_AS17.vcf	Brahy.D01G0165200.v1.1	0	0	1	1	280.5	94.5	0	0	0.0035650623885918	0.0105820105820106	0	*	*
temp_vcf4_SM_AS17.vcf	Brahy.D01G0165700.v1.1	0	0	0	1	638.5	192.500000000001	0	0	0	0.00519480519480518	0	*	*
temp_vcf4_SM_AS17.vcf	Brahy.D01G0168300.v1.1	0	0	4	0	1302.5	386.499999999999	0	0	0.00307101727447217	0	0	*	*
temp_vcf4_SM_AS17.vcf	Brahy.D01G0168400.v1.1	0	0	0	0	530.666666666667	165.333333333333	0	0	0	0	*	*	*
temp_vcf4_SM_AS17.vcf	Brahy.D01G0168600.v1.1	0.0909090909090908	0	11	2.95454545454545	868.499999999999	322.5	0.000104673679803214	0	0.0126655152561888	0.00916138125440451	0.00578512396694214	0.0867768595041321	*
temp_vcf4_SM_AS17.vcf	Brahy.D01G0168700.v1.1	0	0	9	5	1019.66666666666	312.333333333333	0	0	0.00882641386073883	0.016008537886873	0	*	*
temp_vcf4_SM_AS17.vcf	Brahy.D01G0170700.v1.1	0	0	2	3	626.333333333333	213.666666666667	0	0	0.00319318786588611	0.0140405616224649	0	*	*
temp_vcf4_SM_AS17.vcf	Brahy.D01G0170800.v1.1	0	0	9	7	1092.16666666666	374.833333333333	0	0	0.00824050053410653	0.0186749666518453	0	*	*
temp_vcf4_SM_AS17.vcf	Brahy.D01G0171600.v1.1	0.533333333333333	0	0.933333333333333	2.8	1748.53333333334	549.466666666666	0.000305017538508463	0	0.000533780692389811	0.00509585052171804	0.111111111111111	0.222222222222222	*
temp_vcf4_SM_AS17.vcf	Brahy.D01G0171900.v1.1	0	0	0	0	1211	459.999999999999	0	0	0	0	*	*	*
temp_vcf4_SM_AS17.vcf	Brahy.D01G0174800.v1.1	0	0	3	3	318.666666666667	110.333333333333	0	0	0.00941422594142259	0.027190332326284	0	*	*
temp_vcf4_SM_AS17.vcf	Brahy.D01G0177200.v1.1	0	0	1	1	787.333333333332	253.666666666667	0	0	0.00127011007620661	0.00394218134034165	0	*	*
temp_vcf4_SM_AS17.vcf	Brahy.D01G0178600.v1.1	0	0	0	3	1610.00000000001	537.999999999998	0	0	0	0.00557620817843868	0	*	*
temp_vcf4_SM_AS17.vcf	Brahy.D01G0178800.v1.1	0	0	2	1	1342.5	454.499999999999	0	0	0.00148975791433892	0.00220022002200221	0	*	*
temp_vcf4_SM_AS17.vcf	Brahy.D01G0180500.v1.1	0	0	2	3	1061.16666666667	378.833333333333	0	0	0.00188471807758756	0.00791904971403432	0	*	*
temp_vcf4_SM_AS17.vcf	Brahy.D01G0182200.v1.1	0	0	40	20	4402.99999999998	1498	0	0	0.00908471496706794	0.013351134846462	-15	*	*
temp_vcf4_SM_AS17.vcf	Brahy.D01G0183300.v1.1	0.0714285714285714	0	28	27.9642857142857	3154.97619047617	913.02380952382	2.2639971624569e-05	0	0.00887486887683107	0.0306282108117972	-7.19655612244898	0.068877551020408	*
temp_vcf4_SM_AS17.vcf	Brahy.D01G0184900.v1.1	0	0	0	0	266.333333333333	87.6666666666666	0	0	0	0	*	*	*
temp_vcf4_SM_AS17.vcf	Brahy.D01G0187800.v1.1	0	0	1	0	126.166666666667	41.8333333333333	0	0	0.00792602377807133	0	0	*	*
temp_vcf4_SM_AS17.vcf	Brahy.D01G0191300.v1.1	0	0	4	12	6483.00000000008	1790.99999999997	0	0	0.000616998303254658	0.0067001675041877	-15	*	*
temp_vcf4_SM_AS17.vcf	Brahy.D01G0193100.v1.1	0	0	2	1	927.166666666665	287.833333333334	0	0	0.00215710947330577	0.00347423277359583	0	*	*
temp_vcf4_SM_AS17.vcf	Brahy.D01G0197500.v1.1	0	0	3	3	1344.5	389.499999999999	0	0	0.00223131275567125	0.00770218228498076	0	*	*
temp_vcf4_SM_AS17.vcf	Brahy.D01G0200000.v1.1	0	0	2	0	1134.33333333333	398.666666666666	0	0	0.0017631501616221	0	0	*	*
temp_vcf4_SM_AS17.vcf	Brahy.D01G0200700.v1.1	0	0	0	0	597	192	0	0	0	0	*	*	*
temp_vcf4_SM_AS17.vcf	Brahy.D01G0201900.v1.1	0	0	1	0	613.833333333333	187.166666666667	0	0	0.00162910670648928	0	0	*	*
temp_vcf4_SM_AS17.vcf	Brahy.D01G0202400.v1.1	0	0	0	1	606.166666666667	194.833333333334	0	0	0	0.00513259195893926	0	*	*
temp_vcf4_SM_AS17.vcf	Brahy.D01G0202700.v1.1	0	0	0	4	1460.66666666667	447.333333333333	0	0	0	0.00894187779433682	-3	*	*
temp_vcf4_SM_AS17.vcf	Brahy.D01G0202900.v1.1	0	0	2	0	806.166666666666	270.833333333334	0	0	0.00248087657639033	0	0	*	*
temp_vcf4_SM_AS17.vcf	Brahy.D01G0204100.v1.1	0	0	2	1	737.166666666666	222.833333333334	0	0	0.0027130906624463	0.00448765893792071	0	*	*
temp_vcf4_SM_AS17.vcf	Brahy.D01G0205400.v1.1	0	0	7	3	1822.83333333334	586.166666666667	0	0	0.00384017555088231	0.00511799829400057	0	*	*
temp_vcf4_SM_AS17.vcf	Brahy.D01G0205800.v1.1	0	0	3	0	391.333333333333	151.666666666667	0	0	0.00766609880749574	0	0	*	*
temp_vcf4_SM_AS17.vcf	Brahy.D01G0211700.v1.1	5.78624078790621	1.89088237835969	34.7673003325177	28.7185770750988	4793.55427541985	1449.75012646112	0.00120708777984983	0.00130428157504313	0.00725292722996708	0.0198093288980782	-1.64735321742683	0.464670285622667	0.461980347694633
temp_vcf4_SM_AS17.vcf	Brahy.D01G0214300.v1.1	0	0	0	0	411.5	146.5	0	0	0	0	*	*	*
temp_vcf4_SM_AS17.vcf	Brahy.D01G0215100.v1.1	0	0	3	3	895.666666666666	286.333333333333	0	0	0.00334946036471902	0.0104772991850989	0	*	*
temp_vcf4_SM_AS17.vcf	Brahy.D01G0215200.v1.1	0	0	4	3	1543.16666666667	439.833333333332	0	0	0.00259207257803218	0.00682076544145512	0	*	*
temp_vcf4_SM_AS17.vcf	Brahy.D01G0216200.v1.1	1.12285902503294	0.945916152812704	7.2	6.98181634707122	962.433333333331	321.566666666666	0.00116668758878496	0.00294158646049354	0.00748103764762929	0.0217118783468578	0.109423927578113	0.35869486452426	0.297848700944416
temp_vcf4_SM_AS17.vcf	Brahy.D01G0218300.v1.1	0.0869565217391304	0	1.95652173913043	6	2146.97101449276	691.028985507248	4.05019542192909e-05	0	0.000911293969934046	0.00868270380235312	0.0103969754253308	0.0831758034026464	*
temp_vcf4_SM_AS17.vcf	Brahy.D01G0221600.v1.1	0	0	4	5	672.833333333333	221.166666666667	0	0	0.00594500866980431	0.0226073850791258	0	*	*
temp_vcf4_SM_AS17.vcf	Brahy.D01G0222200.v1.1	0	0	9	8	899.499999999999	306.5	0	0	0.0100055586436909	0.0261011419249592	0	*	*
temp_vcf4_SM_AS17.vcf	Brahy.D01G0222900.v1.1	0	0	8.03225806451613	4.96774193548387	592.166666666667	211.833333333334	0	0	0.013564184741654	0.0234511814420953	0	*	*
temp_vcf4_SM_AS17.vcf	Brahy.D01G0224100.v1.1	5.56353039739662	3.46674967080694	6.98550161937934	3.93664358976645	628.707063769948	203.792936230052	0.00884916158574033	0.0170111375543139	0.0111109004843875	0.0193168794885145	0.400538826712116	0.451527547714768	0.484789087869907
temp_vcf4_SM_AS17.vcf	Brahy.D01G0224200.v1.1	0	0.28	2	2	693.666666666666	215.333333333334	0	0.00130030959752322	0.00288322921672273	0.00928792569659441	0.05376	*	*
temp_vcf4_SM_AS17.vcf	Brahy.D01G0224400.v1.1	0	0	3	5	453.5	143.5	0	0	0.00661521499448731	0.0348432055749129	0	*	*
temp_vcf4_SM_AS17.vcf	Brahy.D01G0224500.v1.1	0.133333333333333	0	8.93333333333333	1	803.333333333332	231.666666666667	0.00016597510373444	0	0.0111203319502075	0.00431654676258992	0.0124444444444444	0.124444444444444	*
temp_vcf4_SM_AS17.vcf	Brahy.D01G0224600.v1.1	0	0	17	11	973.166666666665	316.833333333333	0	0	0.0174687446480562	0.0347185691741189	0	*	*
temp_vcf4_SM_AS17.vcf	Brahy.D01G0225300.v1.1	0	0	2	3	570	180	0	0	0.00350877192982456	0.0166666666666667	0	*	*
temp_vcf4_SM_AS17.vcf	Brahy.D01G0229400.v1.1	0.533333333333333	0	9.33333333333333	6	969.777777777776	314.222222222222	0.000549954170485794	0	0.00962419798350139	0.0190947666195191	0.0277777777777778	0.444444444444444	*
temp_vcf4_SM_AS17.vcf	Brahy.D01G0230500.v1.1	0	0	8	2	731.333333333332	249.666666666667	0	0	0.0109389243391067	0.00801068090787715	0	*	*
temp_vcf4_SM_AS17.vcf	Brahy.D01G0231300.v1.1	0	0	6	2	785.499999999999	267.5	0	0	0.00763844684914068	0.00747663551401868	0	*	*
temp_vcf4_SM_AS17.vcf	Brahy.D01G0231500.v1.1	0	0	2	2	703.166666666666	241.833333333334	0	0	0.0028442758947618	0.00827015851137145	0	*	*
temp_vcf4_SM_AS17.vcf	Brahy.D01G0232400.v1.1	0	0	5	6	1905.66666666667	611.333333333333	0	0	0.00262375371698442	0.00981461286804799	0	*	*
temp_vcf4_SM_AS17.vcf	Brahy.D01G0233200.v1.1	0	0	0	1	1001.66666666666	342.333333333333	0	0	0	0.00292112950340799	0	*	*
temp_vcf4_SM_AS17.vcf	Brahy.D01G0235000.v1.1	0.153333333333333	0	4.92	3	568.833333333333	211.166666666667	0.000269557573981834	0	0.00864928215646059	0.0142067876874507	0.0184	0.1472	*
temp_vcf4_SM_AS17.vcf	Brahy.D01G0235200.v1.1	0	0	0	0	224.333333333333	81.6666666666667	0	0	0	0	*	*	*
temp_vcf4_SM_AS17.vcf	Brahy.D01G0236300.v1.1	0.461538461538462	0.581007115489874	1	1.81108163866785	774.333333333333	296.666666666667	0.000596046226696248	0.00195845095108946	0.0012914334911752	0.0061047695685433	0.239301993867682	0.42603550295858	0.265586236256074
temp_vcf4_SM_AS17.vcf	Brahy.D01G0236400.v1.1	0	0	10	4	1440.16666666667	560.833333333333	0	0	0.00694364078231685	0.00713224368499258	0	*	*
temp_vcf4_SM_AS17.vcf	Brahy.D01G0236500.v1.1	0	0	2	0	617.833333333333	231.166666666667	0	0	0.00323711896412193	0	0	*	*
temp_vcf4_SM_AS17.vcf	Brahy.D01G0236600.v1.1	0	0	0	2	852.666666666665	287.333333333333	0	0	0	0.00696055684454756	0	*	*
temp_vcf4_SM_AS17.vcf	Brahy.D01G0238100.v1.1	0	0	11	13	532.166666666667	178.833333333334	0	0	0.0206702160977137	0.0726933830382105	0	*	*
temp_vcf4_SM_AS17.vcf	Brahy.D01G0238200.v1.1	0	0	96	129	4279.33333333332	1339.66666666666	0	0	0.0224334008412526	0.0962926101020156	-8	*	*
temp_vcf4_SM_AS17.vcf	Brahy.D01G0239800.v1.1	0	0	2	0	1082.33333333333	348.666666666666	0	0	0.00184785956267324	0	0	*	*
temp_vcf4_SM_AS17.vcf	Brahy.D01G0241600.v1.1	9.82665317732399	3.22296770169394	17.5758741830065	10.3825258549898	2145.20044158334	628.617376541926	0.00458076223873565	0.00512707383213576	0.00819311512449348	0.0165164474327849	0.258981091211528	0.455504268775226	0.390855446343124
temp_vcf4_SM_AS17.vcf	Brahy.D01G0242800.v1.1	0	0	4	1	1237.33333333334	361.666666666665	0	0	0.00323275862068965	0.00276497695852536	0	*	*
temp_vcf4_SM_AS17.vcf	Brahy.D01G0247400.v1.1	0	0	1	3	559.666666666667	226.333333333334	0	0	0.00178677784395473	0.0132547864506627	0	*	*
temp_vcf4_SM_AS17.vcf	Brahy.D01G0248900.v1.1	0	0	3	0	624.333333333333	218.666666666667	0	0	0.00480512546716497	0	0	*	*
temp_vcf4_SM_AS17.vcf	Brahy.D01G0249200.v1.1	0	0	3	3	1141.66666666667	355.333333333333	0	0	0.00262773722627737	0.00844277673545967	0	*	*
temp_vcf4_SM_AS17.vcf	Brahy.D01G0251300.v1.1	0	0	1	3	226.666666666667	82.3333333333333	0	0	0.00441176470588235	0.0364372469635627	0	*	*
temp_vcf4_SM_AS17.vcf	Brahy.D01G0255800.v1.1	0	0	2	1	1801.83333333334	544.166666666665	0	0	0.00110998057533993	0.00183767228177642	0	*	*
temp_vcf4_SM_AS17.vcf	Brahy.D01G0255900.v1.1	0	0	24	48	4737	1338	0	0	0.00506649778340722	0.0358744394618834	-15	*	*
temp_vcf4_SM_AS17.vcf	Brahy.D01G0256700.v1.1	0	0	0	1	225.166666666667	74.8333333333333	0	0	0	0.0133630289532294	0	*	*
temp_vcf4_SM_AS17.vcf	Brahy.D01G0261500.v1.1	1.45314587373411	1.13739495798319	1.42857142857143	5.94817927170868	130.563678804855	40.4363211951447	0.0111297865304947	0.0281280523145059	0.0109415684488074	0.147099911562254	0.186042187614111	0.338809484578145	0.265827625167714
temp_vcf4_SM_AS17.vcf	Brahy.D01G0261700.v1.1	0	0	15	6	1197.33333333333	356.666666666667	0	0	0.0125278396436526	0.0168224299065421	0	*	*
temp_vcf4_SM_AS17.vcf	Brahy.D01G0261800.v1.1	0	0	8	4	721.833333333332	241.166666666667	0	0	0.011082890787347	0.0165860400829302	0	*	*
temp_vcf4_SM_AS17.vcf	Brahy.D01G0263600.v1.1	0.278846153846154	0	11.8605769230769	2	576.786858974359	218.213141025641	0.000483447480655154	0	0.0205631885306253	0.00916535086108764	0.0172799556213018	0.129599667159763	*
temp_vcf4_SM_AS17.vcf	Brahy.D01G0264300.v1.1	0	0	7	4	613.833333333333	211.166666666667	0	0	0.0114037469454249	0.0189423835832675	0	*	*
temp_vcf4_SM_AS17.vcf	Brahy.D01G0264500.v1.1	0	0	4	2	451.166666666667	157.833333333333	0	0	0.00886590321388991	0.0126715945089757	0	*	*
temp_vcf4_SM_AS17.vcf	Brahy.D01G0264900.v1.1	0	0	5	8	1332	413.999999999999	0	0	0.00375375375375375	0.0193236714975846	0	*	*
temp_vcf4_SM_AS17.vcf	Brahy.D01G0265000.v1.1	0.209150326797386	0	23	9.88888888888889	1914.61111111112	563.055555555556	0.000109239064572235	0	0.012012883382178	0.0175629008386778	0.00598578376356154	0.197530864197531	*
temp_vcf4_SM_AS17.vcf	Brahy.D01G0265100.v1.1	0	0	7	3	577.833333333333	181.166666666667	0	0	0.012114219786559	0.0165593376264949	0	*	*
temp_vcf4_SM_AS17.vcf	Brahy.D01G0266100.v1.1	0.749644381223329	0	0.480085348506401	1	357.247747747748	137.752252252252	0.00209838798410746	0	0.00134384429722252	0.00725940943723227	0.24321592686495	0.364823890297425	*
temp_vcf4_SM_AS17.vcf	Brahy.D01G0266700.v1.1	0	0	0	1	498.333333333334	140.666666666667	0	0	0	0.0071090047393365	0	*	*
temp_vcf4_SM_AS17.vcf	Brahy.D01G0267000.v1.1	0	0	3	0	365.166666666667	147.833333333333	0	0	0.00821542674577818	0	0	*	*
temp_vcf4_SM_AS17.vcf	Brahy.D01G0267200.v1.1	0	0	0	0	357.833333333334	113.166666666667	0	0	0	0	*	*	*
temp_vcf4_SM_AS17.vcf	Brahy.D01G0269700.v1.1	2.55617654142499	0.496626180836707	2.92720759801505	2.63416213416213	1125.90508954277	359.094910457229	0.00227033039033783	0.00138299420675264	0.00259987065091232	0.00733555964579978	0.292838752918547	0.407415892164267	0.483892176199868
temp_vcf4_SM_AS17.vcf	Brahy.D01G0269900.v1.1	0	0	3	2	692.333333333333	219.666666666667	0	0	0.00433317284545017	0.00910470409711684	0	*	*
temp_vcf4_SM_AS17.vcf	Brahy.D01G0270800.v1.1	0.508021390374332	0	11.4411764705882	5	442	164	0.00114936966148039	0	0.0258850146393399	0.0304878048780488	0.029004681457358	0.493079584775087	*
temp_vcf4_SM_AS17.vcf	Brahy.D01G0275600.v1.1	0	0	7	1	924.666666666665	299.333333333333	0	0	0.00757029560201876	0.00334075723830735	0	*	*
temp_vcf4_SM_AS17.vcf	Brahy.D01G0276000.v1.1	0	0	2	2	1224.16666666667	386.833333333333	0	0	0.00163376446562287	0.005170185264972	0	*	*
temp_vcf4_SM_AS17.vcf	Brahy.D01G0276400.v1.1	0	0	1	2	727.833333333332	247.166666666667	0	0	0.00137394092054042	0.0080917060013486	0	*	*
temp_vcf4_SM_AS17.vcf	Brahy.D01G0276500.v1.1	0	0	1	0	249.5	89.5	0	0	0.00400801603206413	0	0	*	*
temp_vcf4_SM_AS17.vcf	Brahy.D01G0277800.v1.1	0	0	1	1	1036	338	0	0	0.000965250965250966	0.00295857988165681	0	*	*
temp_vcf4_SM_AS17.vcf	Brahy.D01G0278600.v1.1	0	0	4	3	540.500000000001	170.5	0	0	0.00740055504162811	0.0175953079178886	0	*	*
temp_vcf4_SM_AS17.vcf	Brahy.D01G0280000.v1.1	0	0	2	0	1000.66666666666	343.333333333333	0	0	0.00199866755496336	0	0	*	*
temp_vcf4_SM_AS17.vcf	Brahy.D01G0281100.v1.1	0	0	0	0	591.666666666667	227.333333333334	0	0	0	0	*	*	*
temp_vcf4_SM_AS17.vcf	Brahy.D01G0282900.v1.1	0	0	2	4	436.166666666667	130.833333333333	0	0	0.0045854031333588	0.0305732484076433	0	*	*
temp_vcf4_SM_AS17.vcf	Brahy.D01G0284700.v1.1	0	0	1	1	197.333333333333	78.6666666666667	0	0	0.00506756756756757	0.0127118644067797	0	*	*
temp_vcf4_SM_AS17.vcf	Brahy.D01G0284900.v1.1	2.16912037801588	0.829165001437356	2.29769362827873	2.37456004140787	626.281279677113	183.718720322887	0.00346349228119064	0.00451323087805147	0.00366878861438001	0.0129249759482026	0.326453324900818	0.425125515690721	0.406226172826878
temp_vcf4_SM_AS17.vcf	Brahy.D01G0285000.v1.1	3.06537129880783	0.800535117056856	8.6474358974359	6.7696435659284	831.482731338148	257.517268661851	0.00368663254602362	0.00310866576527747	0.0104000186311977	0.0262881149722728	0.158693235508178	0.360181661553467	0.384245562130178
temp_vcf4_SM_AS17.vcf	Brahy.D01G0285100.v1.1	0.898537452885279	1.46662502651613	3.88047345374932	4.43051948051948	864.312169312168	281.687830687831	0.00103959828958598	0.00520656154344652	0.00448966657132394	0.0157284731459678	0.189677327503643	0.288042223062064	0.353000315214381
temp_vcf4_SM_AS17.vcf	Brahy.D01G0285200.v1.1	0	0	0	2	203.5	60.5	0	0	0	0.0330578512396694	0	*	*
temp_vcf4_SM_AS17.vcf	Brahy.D01G0285700.v1.1	0	0	18	44	1343	423.999999999999	0	0	0.0134028294862249	0.103773584905661	-3	*	*
temp_vcf4_SM_AS17.vcf	Brahy.D01G0286900.v1.1	0.457142857142857	0.436507936507937	17.3333333333333	11.3055555555556	857.999999999998	282	0.000532800532800534	0.0015479004840707	0.0202020202020202	0.040090622537431	0.0280266825965751	0.444444444444444	0.424382716049383
temp_vcf4_SM_AS17.vcf	Brahy.D01G0289800.v1.1	0	0	3	2	1214.5	411.499999999999	0	0	0.00247015232606011	0.00486026731470232	0	*	*
temp_vcf4_SM_AS17.vcf	Brahy.D01G0296500.v1.1	0	0	22	24	1777.83333333334	592.166666666667	0	0	0.0123746132933345	0.0405291303124121	0	*	*
temp_vcf4_SM_AS17.vcf	Brahy.D01G0296900.v1.1	0	0	3	6	520.666666666667	190.333333333333	0	0	0.0057618437900128	0.031523642732049	0	*	*
temp_vcf4_SM_AS17.vcf	Brahy.D01G0297000.v1.1	0	3.72505533224404	9.25	86.9521720969089	1442.72949747676	452.588002523237	0	0.00823056579378235	0.00641145829220074	0.192122132297231	-1.96662947620141	0.280283052132459	0.337187263794407
temp_vcf4_SM_AS17.vcf	Brahy.D01G0297800.v1.1	0	0	1	1	992.33333333333	306.666666666666	0	0	0.0010077258985556	0.00326086956521739	0	*	*
temp_vcf4_SM_AS17.vcf	Brahy.D01G0297900.v1.1	0.117647058823529	0	4.94117647058824	2	786.999999999999	299	0.000149488003587712	0	0.00627849615068391	0.00668896321070234	0.0158180919426594	0.110726643598616	*
temp_vcf4_SM_AS17.vcf	Brahy.D01G0299500.v1.1	0	0	2	4	560.166666666667	177.833333333333	0	0	0.00357036596251116	0.0224929709465792	0	*	*
temp_vcf4_SM_AS17.vcf	Brahy.D01G0301200.v1.1	0	0	4	5	1019.5	399.5	0	0	0.00392349190779795	0.0125156445556946	0	*	*
temp_vcf4_SM_AS17.vcf	Brahy.D01G0303000.v1.1	0	0	1	0	1139	361	0	0	0.000877963125548727	0	0	*	*
temp_vcf4_SM_AS17.vcf	Brahy.D01G0303600.v1.1	0	0	2	2	1139.66666666667	399.333333333333	0	0	0.00175489909330213	0.00500834724540902	0	*	*
temp_vcf4_SM_AS17.vcf	Brahy.D01G0304000.v1.1	0.0869565217391304	0.239080459770115	4	2.1768115942029	1805.3115942029	588.688405797101	4.81670433061857e-05	0.000406123948451801	0.00221568399208454	0.00369773138517215	0.0392858643142197	0.0831758034026464	0.231111111111111
temp_vcf4_SM_AS17.vcf	Brahy.D01G0306200.v1.1	1.17855020796197	0.458333333333333	0.909090909090909	1.10661764705882	1123.47058823529	280.529411764706	0.0010490263121291	0.00163381561473404	0.000809180870964212	0.00394474732648353	0.251700278282193	0.360171389897719	0.4296875
temp_vcf4_SM_AS17.vcf	Brahy.D01G0306900.v1.1	0	0	0	1	1241.16666666667	417.833333333333	0	0	0	0.00239329876346231	0	*	*
temp_vcf4_SM_AS17.vcf	Brahy.D01G0310300.v1.1	1.63732193732194	1.08243187018931	16.5392592592593	13.3238939740656	993.301253561252	296.698746438746	0.00164836390918837	0.00364825225310743	0.0166507987380078	0.0449071461675903	0.0766826191274206	0.393567510003977	0.344313003438797
temp_vcf4_SM_AS17.vcf	Brahy.D01G0311400.v1.1	0	0	0	0	147.5	44.5	0	0	0	0	*	*	*
temp_vcf4_SM_AS17.vcf	Brahy.D01G0311500.v1.1	0	0	2	1	656.166666666666	201.833333333334	0	0	0.00304800609601219	0.00495458298926506	0	*	*
temp_vcf4_SM_AS17.vcf	Brahy.D01G0312900.v1.1	0	0	4	2	605.166666666666	189.833333333334	0	0	0.006609749380336	0.0105355575065847	0	*	*
temp_vcf4_SM_AS17.vcf	Brahy.D01G0314000.v1.1	0	0	0	0	664.999999999999	250	0	0	0	0	*	*	*
temp_vcf4_SM_AS17.vcf	Brahy.D01G0321200.v1.1	1.70096642903095	2.05810711028102	12.8775362318841	14.4676963776964	1073.50936948853	374.178130511463	0.00158449146078842	0.00550034045941648	0.0119957371569281	0.0386652644768964	0.109515345248037	0.327616553217995	0.395184725419047
temp_vcf4_SM_AS17.vcf	Brahy.D01G0322400.v1.1	0	0	10	15	598.166666666667	202.833333333334	0	0	0.0167177486765116	0.0739523418241577	0	*	*
temp_vcf4_SM_AS17.vcf	Brahy.D01G0324700.v1.1	0	0	2	1	845.833333333332	267.166666666667	0	0	0.00236453201970444	0.00374298190892077	0	*	*
temp_vcf4_SM_AS17.vcf	Brahy.D01G0327800.v1.1	0.142857142857143	0	8.92857142857143	5	1879.52380952381	616.47619047619	7.60070939954394e-05	0	0.00475044337471496	0.00811061331685463	0.00884353741496599	0.13265306122449	*
temp_vcf4_SM_AS17.vcf	Brahy.D01G0328300.v1.1	0	0	64	44	8112.66666666679	2429.33333333333	0	0	0.00788889801955777	0.0181119648737651	-14.2	*	*
temp_vcf4_SM_AS17.vcf	Brahy.D01G0329600.v1.1	0	0	2	2	844.333333333332	316.666666666667	0	0	0.00236873272799053	0.00631578947368421	-3	*	*
temp_vcf4_SM_AS17.vcf	Brahy.D01G0331400.v1.1	0	0	0	1	388.5	139.5	0	0	0	0.00716845878136201	0	*	*
temp_vcf4_SM_AS17.vcf	Brahy.D01G0331800.v1.1	0	0	0	1	1130.66666666666	333.333333333333	0	0	0	0.003	0	*	*
temp_vcf4_SM_AS17.vcf	Brahy.D01G0332700.v1.1	0.497983870967742	0	7.40625	8	1608.875	524.124999999999	0.000309523033776857	0	0.00460337192137362	0.0152635344621989	0.0301513671875	0.482421875	*
temp_vcf4_SM_AS17.vcf	Brahy.D01G0338300.v1.1	0	0	0	0	458.333333333334	120.666666666667	0	0	0	0	*	*	*
temp_vcf4_SM_AS17.vcf	Brahy.D01G0338700.v1.1	0	0	1	0	690.5	227.5	0	0	0.00144822592324403	0	0	*	*
temp_vcf4_SM_AS17.vcf	Brahy.D01G0339600.v1.1	3.1013431013431	4.17289377289377	7.20634920634921	11.6158508158508	743.007242164067	224.901848745024	0.00417404155080668	0.0185542884426205	0.00969889497356734	0.0516485341524248	-0.499144025299204	0.471832950660789	0.470742932281394
temp_vcf4_SM_AS17.vcf	Brahy.D01G0340900.v1.1	0	0	0	0	337.333333333333	118.666666666667	0	0	0	0	*	*	*
temp_vcf4_SM_AS17.vcf	Brahy.D01G0341600.v1.1	0	0	0	0	2197.33333333334	766.666666666669	0	0	0	0	*	*	*
temp_vcf4_SM_AS17.vcf	Brahy.D01G0342100.v1.1	0	0	0	1	755.999999999999	243	0	0	0	0.00411522633744856	0	*	*
temp_vcf4_SM_AS17.vcf	Brahy.D01G0345100.v1.1	0	0	1	0	839.833333333332	276.166666666667	0	0	0.00119071244294503	0	0	*	*
temp_vcf4_SM_AS17.vcf	Brahy.D01G0347700.v1.1	0	0	6	5	606.166666666667	173.833333333333	0	0	0.00989826780313445	0.0287631831255992	0	*	*
temp_vcf4_SM_AS17.vcf	Brahy.D01G0347800.v1.1	0.0833333333333333	0	10.9583333333333	8	967.486111111109	298.513888888889	8.61338807619979e-05	0	0.0113266053202027	0.0267994230679756	0.00380291005291004	0.0798611111111109	*
temp_vcf4_SM_AS17.vcf	Brahy.D01G0350000.v1.1	0	0	0	0	382.833333333333	121.166666666667	0	0	0	0	*	*	*
temp_vcf4_SM_AS17.vcf	Brahy.D01G0352400.v1.1	0	0	2	6	1231.33333333333	400.666666666666	0	0	0.00162425554953979	0.0149750415973378	-3	*	*
temp_vcf4_SM_AS17.vcf	Brahy.D01G0356400.v1.1	0	0	8	11	460.666666666667	151.333333333333	0	0	0.0173661360347323	0.0726872246696035	0	*	*
temp_vcf4_SM_AS17.vcf	Brahy.D01G0358700.v1.1	0	0	0	3	1297.5	418.499999999999	0	0	0	0.00716845878136203	0	*	*
temp_vcf4_SM_AS17.vcf	Brahy.D01G0361900.v1.1	0	0	0	1	818.999999999999	300	0	0	0	0.00333333333333333	0	*	*
temp_vcf4_SM_AS17.vcf	Brahy.D01G0368900.v1.1	0	0	24	28	3916.66666666665	1225.33333333333	0	0	0.00612765957446811	0.0228509249183895	-3	*	*
temp_vcf4_SM_AS17.vcf	Brahy.D01G0370100.v1.1	0	0	0	0	142.666666666667	61.3333333333333	0	0	0	0	*	*	*
temp_vcf4_SM_AS17.vcf	Brahy.D01G0374100.v1.1	0	0	1	1	228.666666666667	83.3333333333334	0	0	0.0043731778425656	0.012	0	*	*
temp_vcf4_SM_AS17.vcf	Brahy.D01G0376200.v1.1	0	0	2	1	644.666666666667	225.333333333333	0	0	0.0031023784901758	0.0044378698224852	0	*	*
temp_vcf4_SM_AS17.vcf	Brahy.D01G0377000.v1.1	0	0	0	1	508.333333333334	172.666666666667	0	0	0	0.00579150579150579	0	*	*
temp_vcf4_SM_AS17.vcf	Brahy.D01G0379400.v1.1	0	0	6	6	5590.00000000002	1627.99999999999	0	0	0.00107334525939177	0.00368550368550371	-3	*	*
temp_vcf4_SM_AS17.vcf	Brahy.D01G0382000.v1.1	0	0	1	0	623.5	186.5	0	0	0.00160384923817161	0	0	*	*
temp_vcf4_SM_AS17.vcf	Brahy.D01G0382200.v1.1	0	0	11	12	4417.49999999998	1360.49999999999	0	0	0.0024900962082626	0.00882028665931646	0	*	*
temp_vcf4_SM_AS17.vcf	Brahy.D01G0384400.v1.1	0	0.746576117713639	16	5.04753820033956	4346.92982456138	1305.0701754386	0	0.000572058217070769	0.00368075875290084	0.00386763738481973	0.0311019311124961	*	0.357672207793705
temp_vcf4_SM_AS17.vcf	Brahy.D01G0385700.v1.1	0	0	22	46	6522.50000000004	1994.49999999998	0	0	0.00337293982368722	0.0230634244171473	-3	*	*
temp_vcf4_SM_AS17.vcf	Brahy.D01G0386500.v1.1	0	0	3.04761904761905	3.95238095238095	946.333333333332	310.666666666667	0	0	0.00322044985658935	0.012722256284488	0	*	*
temp_vcf4_SM_AS17.vcf	Brahy.D01G0387800.v1.1	0	0	18	13	1289.33333333333	393.666666666666	0	0	0.0139607032057911	0.0330228619813718	0	*	*
temp_vcf4_SM_AS17.vcf	Brahy.D01G0388400.v1.1	0	0	8	12	4705.66666666666	1480.33333333333	0	0	0.00170007792023801	0.00810628236883588	-3	*	*
temp_vcf4_SM_AS17.vcf	Brahy.D01G0391800.v1.1	0	0	0	1	1145.33333333333	330.666666666666	0	0	0	0.0030241935483871	0	*	*
temp_vcf4_SM_AS17.vcf	Brahy.D01G0393800.v1.1	0	0	1	3	462.833333333334	164.166666666667	0	0	0.00216060496939143	0.0182741116751269	0	*	*
temp_vcf4_SM_AS17.vcf	Brahy.D01G0394300.v1.1	0.438829787234043	0.641354723707665	6.75367647058824	6.93333333333333	6230.00000000005	1884.99999999998	7.04381680953513e-05	0.000340241232736166	0.00108405721839297	0.00367816091954027	0.0581784182899739	0.4296875	0.308762014609765
temp_vcf4_SM_AS17.vcf	Brahy.D01G0395900.v1.1	17.9990433205691	3.63928449805556	15.6861750504436	15.0180989783741	1890.31471582903	525.028654279433	0.00952171782288397	0.00693159214909943	0.00829818173613711	0.0286043416030035	0.32354618327495	0.395940872563829	0.393183563820329
temp_vcf4_SM_AS17.vcf	Brahy.D01G0396400.v1.1	0	0	98	121	5479.6666666667	1720.33333333332	0	0	0.0178842995316016	0.0703352063553582	-12.9677419354839	*	*
temp_vcf4_SM_AS17.vcf	Brahy.D01G0396800.v1.1	0	0	0	0	767.833333333333	261.166666666667	0	0	0	0	*	*	*
temp_vcf4_SM_AS17.vcf	Brahy.D01G0397100.v1.1	0	0	0	0	1172.5	411.499999999999	0	0	0	0	*	*	*
temp_vcf4_SM_AS17.vcf	Brahy.D01G0398600.v1.1	1.2	0	22	21.8	1619.07333333334	507.926666666665	0.000741164699148894	0	0.0135880194843964	0.042919581566893	0.0213333333333333	0.48	*
temp_vcf4_SM_AS17.vcf	Brahy.D01G0400700.v1.1	0	0	2	0	409	122	0	0	0.00488997555012225	0	0	*	*
temp_vcf4_SM_AS17.vcf	Brahy.D01G0401600.v1.1	0	0	0	0	859.833333333333	280.166666666667	0	0	0	0	*	*	*
temp_vcf4_SM_AS17.vcf	Brahy.D01G0403000.v1.1	0.105263157894737	0	8.94736842105263	2	1220.81578947368	447.184210526315	8.62236209609623e-05	0	0.00732900778168179	0.0044724298240452	0.00906572651725008	0.0997229916897509	*
temp_vcf4_SM_AS17.vcf	Brahy.D01G0403600.v1.1	0.8	0	26.8	28.3789473684211	4666.94736842103	1430.78947368421	0.000171418260555757	0	0.00574251172861785	0.0198344675372448	-2.7254810710988	0.32	*
temp_vcf4_SM_AS17.vcf	Brahy.D01G0404900.v1.1	0	0	0	4	1134.16666666667	437.833333333333	0	0	0	0.00913589645984013	-3	*	*
temp_vcf4_SM_AS17.vcf	Brahy.D01G0406800.v1.1	2.4029304029304	0.818713450292398	16.7457875457875	56.4971274339695	1671.6894810992	645.312269494531	0.00143742628645984	0.00126870894758237	0.0100172835536278	0.0875500592577038	-1.85791631544861	0.328326244271086	0.387811634349031
temp_vcf4_SM_AS17.vcf	Brahy.D01G0407000.v1.1	0	0	8	3	2107.83333333334	631.166666666668	0	0	0.00379536649007668	0.00475310271983099	0	*	*
temp_vcf4_SM_AS17.vcf	Brahy.D01G0410600.v1.1	0	0	4	0	164.5	63.5	0	0	0.0243161094224924	0	0	*	*
temp_vcf4_SM_AS17.vcf	Brahy.D01G0411000.v1.1	0	0	0	0	191	61	0	0	0	0	*	*	*
temp_vcf4_SM_AS17.vcf	Brahy.D01G0413700.v1.1	0	0	0	0	2127.83333333334	770.166666666667	0	0	0	0	*	*	*
temp_vcf4_SM_AS17.vcf	Brahy.D01G0414100.v1.1	0.142857142857143	0.474308300395257	15.9285714285714	12.6521739130435	1283.16666666667	438.833333333332	0.000111331712838402	0.00108083927169447	0.0124134859814818	0.0288313875724501	0.0202185952276745	0.13265306122449	0.453686200378072
temp_vcf4_SM_AS17.vcf	Brahy.D01G0419800.v1.1	0	0	0	0	1659	512.999999999998	0	0	0	0	*	*	*
temp_vcf4_SM_AS17.vcf	Brahy.D01G0424500.v1.1	0	0	9	8	2277.5	743.500000000003	0	0	0.00395170142700329	0.0107599193006052	0	*	*
temp_vcf4_SM_AS17.vcf	Brahy.D01G0425900.v1.1	1.18516590049098	0.294117647058823	8.90686274509804	8.74473684210526	915.403508771928	305.59649122807	0.00129469232872065	0.000962437905870196	0.00972998536683256	0.0286153051265859	0.0729895193786144	0.277255772603974	0.277777777777778
temp_vcf4_SM_AS17.vcf	Brahy.D01G0427100.v1.1	0.117647058823529	0	9	4.94117647058824	1268	372.999999999999	9.27815921321208e-05	0	0.00709779179810724	0.0132471219050623	0.0079090459713297	0.110726643598616	*
temp_vcf4_SM_AS17.vcf	Brahy.D01G0428600.v1.1	0	0	2	0	334.666666666667	103.333333333333	0	0	0.00597609561752988	0	0	*	*
temp_vcf4_SM_AS17.vcf	Brahy.D01G0428700.v1.1	0	0	3	3	446.166666666667	138.833333333333	0	0	0.00672394471423235	0.021608643457383	0	*	*
temp_vcf4_SM_AS17.vcf	Brahy.D01G0430300.v1.1	0	0	1	0	294.833333333333	122.166666666667	0	0	0.00339174674957603	0	0	*	*
temp_vcf4_SM_AS17.vcf	Brahy.D01G0430700.v1.1	0	0	20	8	1032.83333333333	302.166666666666	0	0	0.0193642084879781	0.0264754550468836	0	*	*
temp_vcf4_SM_AS17.vcf	Brahy.D01G0435300.v1.1	0	0	6	3	697.5	208.5	0	0	0.00860215053763441	0.0143884892086331	0	*	*
temp_vcf4_SM_AS17.vcf	Brahy.D01G0438100.v1.1	0	0	4	3	584.666666666667	231.333333333333	0	0	0.00684150513112885	0.0129682997118156	0	*	*
temp_vcf4_SM_AS17.vcf	Brahy.D01G0438300.v1.1	0	0	0	3	389.666666666667	123.333333333333	0	0	0	0.0243243243243243	0	*	*
temp_vcf4_SM_AS17.vcf	Brahy.D01G0441200.v1.1	0	0	1	0	445.333333333334	130.666666666667	0	0	0.00224550898203593	0	0	*	*
temp_vcf4_SM_AS17.vcf	Brahy.D01G0447400.v1.1	0	0	1	2	1041.66666666666	371.333333333333	0	0	0.000960000000000002	0.00538599640933574	0	*	*
temp_vcf4_SM_AS17.vcf	Brahy.D01G0447600.v1.1	0	0	1	2	1047.5	371.499999999999	0	0	0.000954653937947496	0.00538358008075371	0	*	*
temp_vcf4_SM_AS17.vcf	Brahy.D01G0449400.v1.1	0	0	1	3	594.166666666667	191.833333333333	0	0	0.00168302945301543	0.0156385751520417	0	*	*
temp_vcf4_SM_AS17.vcf	Brahy.D01G0449500.v1.1	0	0	5	1	1489.5	487.499999999999	0	0	0.00335683115139308	0.00205128205128206	0	*	*
temp_vcf4_SM_AS17.vcf	Brahy.D01G0450400.v1.1	0	0	1	0	862.999999999999	277	0	0	0.00115874855156431	0	0	*	*
temp_vcf4_SM_AS17.vcf	Brahy.D01G0450600.v1.1	0	0	10	29.8260869565217	1174.33333333333	328.666666666667	0	0	0.00851546977008232	0.0907487432754211	-2.96597353497164	*	*
temp_vcf4_SM_AS17.vcf	Brahy.D01G0451900.v1.1	0	0	2	19	1049.66666666667	381.333333333333	0	0	0.00190536678310575	0.0498251748251749	-2.72727272727273	*	*
temp_vcf4_SM_AS17.vcf	Brahy.D01G0453900.v1.1	0	0	1	0	642.166666666666	200.833333333334	0	0	0.00155722813392162	0	0	*	*
temp_vcf4_SM_AS17.vcf	Brahy.D01G0455600.v1.1	0	0	5	4	1066	380	0	0	0.00469043151969982	0.0105263157894737	0	*	*
temp_vcf4_SM_AS17.vcf	Brahy.D01G0456000.v1.1	0	0	17	8	1472.16666666667	453.833333333333	0	0	0.0115476055700215	0.017627616599339	0	*	*
temp_vcf4_SM_AS17.vcf	Brahy.D01G0458800.v1.1	0	0	0	2	290.333333333333	93.6666666666666	0	0	0	0.0213523131672598	0	*	*
temp_vcf4_SM_AS17.vcf	Brahy.D01G0460900.v1.1	0	0	5	3	1073	325	0	0	0.00465983224603915	0.00923076923076924	0	*	*
temp_vcf4_SM_AS17.vcf	Brahy.D01G0463200.v1.1	0	0	4	2	1450.66666666667	496.333333333332	0	0	0.00275735294117646	0.0040295500335796	0	*	*
temp_vcf4_SM_AS17.vcf	Brahy.D01G0465500.v1.1	0	0	2	3	1177	382.999999999999	0	0	0.00169923534409516	0.00783289817232377	0	*	*
temp_vcf4_SM_AS17.vcf	Brahy.D01G0465900.v1.1	0	0	0	0	1037	328	0	0	0	0	*	*	*
temp_vcf4_SM_AS17.vcf	Brahy.D01G0467100.v1.1	0	0	20	38	1861.00000000001	608	0	0	0.0107469102632993	0.0625	-3	*	*
temp_vcf4_SM_AS17.vcf	Brahy.D01G0469200.v1.1	0	0	0	0	442.5	175.5	0	0	0	0	*	*	*
temp_vcf4_SM_AS17.vcf	Brahy.D01G0470900.v1.1	0	0	1	5	654.333333333333	212.666666666667	0	0	0.00152827305145186	0.0235109717868338	0	*	*
temp_vcf4_SM_AS17.vcf	Brahy.D01G0472800.v1.1	0	0	17.9142857142857	89.8285714285714	3255.50241399416	1057.75120699709	0	0	0.00550277144236755	0.0849241020330207	-7.95775510204082	*	*
temp_vcf4_SM_AS17.vcf	Brahy.D01G0473200.v1.1	0.257142857142857	0	7.14285714285714	5	607.285714285715	172.714285714286	0.000423429781227946	0	0.0117619383674429	0.0289495450785774	0.0174927113702624	0.244897959183674	*
temp_vcf4_SM_AS17.vcf	Brahy.D01G0475100.v1.1	0	0	3	2	917.499999999999	294.5	0	0	0.00326975476839238	0.00679117147707979	0	*	*
temp_vcf4_SM_AS17.vcf	Brahy.D01G0477900.v1.1	0	0	28	40	1834.33333333334	592.666666666666	0	0	0.0152644012356896	0.0674915635545558	-3	*	*
temp_vcf4_SM_AS17.vcf	Brahy.D01G0478000.v1.1	0	0	7	4	1036	338	0	0	0.00675675675675677	0.0118343195266272	0	*	*
temp_vcf4_SM_AS17.vcf	Brahy.D01G0480400.v1.1	0	0	0	0	497.000000000001	193	0	0	0	0	*	*	*
temp_vcf4_SM_AS17.vcf	Brahy.D01G0480600.v1.1	0	0	641	1104	36677.6666666667	10554.3333333335	0	0	0.0174765752092554	0.104601585446734	-23	*	*
temp_vcf4_SM_AS17.vcf	Brahy.D01G0482200.v1.1	0	0	5	33	2398.5	724.500000000002	0	0	0.00208463623097769	0.0455486542443063	-2.7	*	*
temp_vcf4_SM_AS17.vcf	Brahy.D01G0486800.v1.1	0	0	6	4	620.5	204.5	0	0	0.0096696212731668	0.019559902200489	0	*	*
temp_vcf4_SM_AS17.vcf	Brahy.D01G0487200.v1.1	0	0	6	4	1091.66666666667	414.333333333333	0	0	0.00549618320610688	0.00965406275140789	0	*	*
temp_vcf4_SM_AS17.vcf	Brahy.D01G0488800.v1.1	0	0	9	3	803.999999999999	276	0	0	0.0111940298507463	0.0108695652173913	0	*	*
temp_vcf4_SM_AS17.vcf	Brahy.D01G0489000.v1.1	0	0	6	0	402	120	0	0	0.0149253731343283	0	0	*	*
temp_vcf4_SM_AS17.vcf	Brahy.D01G0491500.v1.1	0	0	0	0	600.666666666667	221.333333333334	0	0	0	0	*	*	*
temp_vcf4_SM_AS17.vcf	Brahy.D01G0493700.v1.1	0.104761904761905	0	6.94761904761905	5	1874.33015873017	594.669841269842	5.58929835674627e-05	0	0.00370672104658764	0.00840802686297852	0.00849962207105065	0.0509977324263039	*
temp_vcf4_SM_AS17.vcf	Brahy.D01G0495500.v1.1	0	0	18	15	783.833333333332	281.166666666667	0	0	0.0229640654901127	0.0533491404860699	0	*	*
temp_vcf4_SM_AS17.vcf	Brahy.D01G0496600.v1.1	0	0	3	1	396.833333333334	128.166666666666	0	0	0.00755984880302393	0.00780234070221067	0	*	*
temp_vcf4_SM_AS17.vcf	Brahy.D01G0497000.v1.1	0	0	1	2	740.333333333332	228.666666666667	0	0	0.00135074290859973	0.00874635568513119	0	*	*
temp_vcf4_SM_AS17.vcf	Brahy.D01G0498300.v1.1	0	0	1	1	513.333333333334	149.666666666667	0	0	0.00194805194805195	0.0066815144766147	0	*	*
temp_vcf4_SM_AS17.vcf	Brahy.D01G0498600.v1.1	0	0	2	0	2541	924.000000000002	0	0	0.000787091696182605	0	-3	*	*
temp_vcf4_SM_AS17.vcf	Brahy.D01G0499600.v1.1	0	0	0	0	400.166666666667	142.833333333333	0	0	0	0	*	*	*
temp_vcf4_SM_AS17.vcf	Brahy.D01G0500300.v1.1	0	0	0	2	948.999999999998	347	0	0	0	0.00576368876080692	0	*	*
temp_vcf4_SM_AS17.vcf	Brahy.D01G0500900.v1.1	0	0	0	1	819.999999999999	296	0	0	0	0.00337837837837838	0	*	*
temp_vcf4_SM_AS17.vcf	Brahy.D01G0501200.v1.1	0	0	0	0	836.166666666666	285.833333333334	0	0	0	0	*	*	*
temp_vcf4_SM_AS17.vcf	Brahy.D01G0503800.v1.1	0	0	0	0	785.833333333332	252.166666666667	0	0	0	0	*	*	*
temp_vcf4_SM_AS17.vcf	Brahy.D01G0507100.v1.1	0	0	1	0	369	120	0	0	0.002710027100271	0	0	*	*
temp_vcf4_SM_AS17.vcf	Brahy.D01G0507400.v1.1	0	0	1	4	1637.83333333334	519.166666666665	0	0	0.000610562735321053	0.00770465489566616	0	*	*
temp_vcf4_SM_AS17.vcf	Brahy.D01G0509800.v1.1	0	0	8	3	1470	479.999999999999	0	0	0.00544217687074829	0.00625000000000002	0	*	*
temp_vcf4_SM_AS17.vcf	Brahy.D01G0512100.v1.1	7.2230710277119	3.34713945368746	9.62206384088578	8.97258984036715	1127.59938606658	339.40061393342	0.0064057067757976	0.00986191337398132	0.00853322905260756	0.0264365751622574	0.321265784630934	0.439633811710569	0.405795515102599
temp_vcf4_SM_AS17.vcf	Brahy.D01G0513800.v1.1	0	0	13	16	3328.33333333333	1087.66666666667	0	0	0.00390585878818228	0.0147103892123812	0	*	*
temp_vcf4_SM_AS17.vcf	Brahy.D01G0514300.v1.1	0	0	39.75	135.75	6822.16666666674	2070.02083333331	0	0	0.0058265946791097	0.0655790501303337	-2.97869318181818	*	*
temp_vcf4_SM_AS17.vcf	Brahy.D01G0516500.v1.1	0	0	8	4	2339	760.000000000003	0	0	0.00342026507054296	0.00526315789473682	0	*	*
temp_vcf4_SM_AS17.vcf	Brahy.D01G0517100.v1.1	3.61833870264103	2.75818014634704	4.97468287526427	2.83389355742297	1101.9696969697	372.717803030303	0.00328351924067521	0.0074001835273825	0.00451435542097404	0.00760332223033781	0.329681071168539	0.37129042573704	0.370377921342906
temp_vcf4_SM_AS17.vcf	Brahy.D01G0519700.v1.1	0	0	2	3	630.666666666667	215.333333333333	0	0	0.00317124735729387	0.0139318885448916	0	*	*
temp_vcf4_SM_AS17.vcf	Brahy.D01G0524100.v1.1	0	0	0	0	701.999999999999	237	0	0	0	0	*	*	*
temp_vcf4_SM_AS17.vcf	Brahy.D01G0527100.v1.1	0	0	1	1	252	90	0	0	0.00396825396825397	0.0111111111111111	0	*	*
temp_vcf4_SM_AS17.vcf	Brahy.D01G0528100.v1.1	0	0	4	2	397.166666666667	145.833333333333	0	0	0.0100713386487621	0.0137142857142857	0	*	*
temp_vcf4_SM_AS17.vcf	Brahy.D01G0531700.v1.1	0	0	16	7	851.999999999999	273	0	0	0.0187793427230047	0.0256410256410256	0	*	*
temp_vcf4_SM_AS17.vcf	Brahy.D01G0538500.v1.1	0.673684210526316	0.74025974025974	1.6	1.53246753246753	156.533333333333	62.4666666666667	0.00430377476912042	0.0118504760980748	0.010221465076661	0.0245325645539093	0.336420981615787	0.32	0.352841963231574
temp_vcf4_SM_AS17.vcf	Brahy.D01G0547100.v1.1	1.24072874493927	0	13.0519607843137	5.98039215686275	1481.02128205128	486.978717948717	0.000837752137647072	0	0.00881281109359627	0.0122806026966717	0.0566067624683009	0.29718550295858	*
temp_vcf4_SM_AS17.vcf	Brahy.D01G0554500.v1.1	0	0	162	81	17494.6666666667	5890.33333333338	0	0	0.0092599649416965	0.0137513440099597	-80	*	*
temp_vcf4_SM_AS17.vcf	Brahy.D01G0555000.v1.1	0	0	6	6	278.5	99.5	0	0	0.0215439856373429	0.0603015075376884	0	*	*
temp_vcf4_SM_AS17.vcf	Brahy.D01G0560500.v1.1	0.0588235294117647	0	8	3.97058823529412	1195	379.999999999999	4.92247108048241e-05	0	0.00669456066945607	0.0104489164086688	0.00475778546712804	0.0570934256055364	*
temp_vcf4_SM_AS17.vcf	Brahy.D01G0562300.v1.1	0	0	12	5	770.666666666666	237.333333333334	0	0	0.0155709342560554	0.021067415730337	0	*	*
temp_vcf4_SM_AS17.vcf	Brahy.D01G0567700.v1.1	0	0	18	13	2059.83333333334	691.166666666668	0	0	0.0087385710818027	0.018808777429467	0	*	*
temp_vcf4_SM_AS17.vcf	Brahy.D01G0570500.v1.1	0.064516129032258	0	13	6.96666666666667	1045.83333333333	370.166666666666	6.16887289551472e-05	0	0.0124302788844622	0.0188203511931563	0.00312174817898022	0.0624349635796044	*
temp_vcf4_SM_AS17.vcf	Brahy.D01G0572900.v1.1	0	0	4	6	711	216	0	0	0.00562587904360056	0.0277777777777777	0	*	*
temp_vcf4_SM_AS17.vcf	Brahy.D01G0574600.v1.1	2.5666341219242	0.49802371541502	21.3805810154309	18.1782608695652	857.24655016989	267.753449830109	0.00299404427047918	0.00186000858525266	0.0249409939429837	0.0678917895590119	0.0634122585862113	0.488118676913749	0.476370510396975
temp_vcf4_SM_AS17.vcf	Brahy.D01G0575900.v1.1	0	0	3	3	1075.16666666667	355.833333333333	0	0	0.00279026507518215	0.00843091334894615	0	*	*
temp_vcf4_SM_AS17.vcf	Brahy.D01G0576700.v1.1	0	0	1	0	4508.16666666664	1335.83333333333	0	0	0.00022181966061592	0	0	*	*
temp_vcf4_SM_AS17.vcf	Brahy.D01G0579600.v1.1	0	0	1	0	1317	458.999999999999	0	0	0.00075930144267274	0	0	*	*
temp_vcf4_SM_AS17.vcf	Brahy.D01G0580300.v1.1	0	0	0	0	1090.66666666666	373.333333333333	0	0	0	0	*	*	*
temp_vcf4_SM_AS17.vcf	Brahy.D01G0586600.v1.1	0	0	8	13	976.499999999998	370.499999999999	0	0	0.0081925243215566	0.0350877192982457	0	*	*
temp_vcf4_SM_AS17.vcf	Brahy.D01G0587800.v1.1	0	0	1	1	787.833333333332	283.166666666667	0	0	0.0012693039983076	0.0035314891112419	0	*	*
temp_vcf4_SM_AS17.vcf	Brahy.D01G0587900.v1.1	0	0	3	1	889.666666666665	292.333333333333	0	0	0.00337204945672537	0.00342075256556442	0	*	*
temp_vcf4_SM_AS17.vcf	Brahy.D01G0588500.v1.1	0	0	4	7	1677.5	536.499999999999	0	0	0.00238450074515648	0.0130475302889096	0	*	*
temp_vcf4_SM_AS17.vcf	Brahy.D01G0588700.v1.1	0	0	27.75	56.75	3282.45833333333	1130.72916666667	0	0	0.00845402962718493	0.0501888530631044	-2.88662790697674	*	*
temp_vcf4_SM_AS17.vcf	Brahy.D01G0589800.v1.1	0	0	1	1	1081.5	373.499999999999	0	0	0.000924641701340732	0.00267737617135208	0	*	*
temp_vcf4_SM_AS17.vcf	Brahy.D01G0592500.v1.1	0	0	1	3	1092.33333333333	380.666666666666	0	0	0.000915471467805921	0.00788091068301227	0	*	*
temp_vcf4_SM_AS17.vcf	Brahy.D01G0596400.v1.1	0	0	6	3	1184.66666666667	405.333333333333	0	0	0.00506471581316826	0.0074013157894737	0	*	*
temp_vcf4_SM_AS17.vcf	Brahy.D01G0597500.v1.1	0	0	2	2	1479.5	431.499999999999	0	0	0.00135180804325786	0.00463499420625726	0	*	*
temp_vcf4_SM_AS17.vcf	Brahy.D01G0598000.v1.1	0	0	15	30	3095.99999999998	894.000000000006	0	0	0.0048449612403101	0.0335570469798655	-8	*	*
temp_vcf4_SM_AS17.vcf	Brahy.D01G0598700.v1.1	4.33822690782443	1.41244019138756	8.32302668664898	5.38181818181818	1098.7189767976	393.371932293312	0.0039484408656242	0.00359059728322049	0.0075752097327998	0.0136812460168239	0.24534650643773	0.405373884410941	0.447961432506887
temp_vcf4_SM_AS17.vcf	Brahy.D01G0601600.v1.1	0	0	0	2	549.333333333334	188.666666666667	0	0	0	0.0106007067137809	0	*	*
temp_vcf4_SM_AS17.vcf	Brahy.D01G0603000.v1.1	0	0	2	1	204.333333333333	65.6666666666667	0	0	0.00978792822185971	0.0152284263959391	0	*	*
temp_vcf4_SM_AS17.vcf	Brahy.D01G0603100.v1.1	0	0	1	5	189.666666666667	62.3333333333333	0	0	0.00527240773286467	0.0802139037433155	0	*	*
temp_vcf4_SM_AS17.vcf	Brahy.D01G0603700.v1.1	0	0	10	6	1082.5	375.499999999999	0	0	0.00923787528868361	0.0159786950732357	0	*	*
temp_vcf4_SM_AS17.vcf	Brahy.D01G0605500.v1.1	0	0	2	0	439.333333333333	172.666666666667	0	0	0.00455235204855842	0	0	*	*
temp_vcf4_SM_AS17.vcf	Brahy.D01G0606800.v1.1	0	0	5	2	330.166666666667	110.833333333333	0	0	0.0151438667339727	0.0180451127819549	0	*	*
temp_vcf4_SM_AS17.vcf	Brahy.D01G0607000.v1.1	0	0	5	7	359.333333333333	99.6666666666666	0	0	0.0139146567717996	0.0702341137123746	0	*	*
temp_vcf4_SM_AS17.vcf	Brahy.D01G0607100.v1.1	0	0	1	5	520.833333333334	151.166666666667	0	0	0.00192	0.0330760749724366	0	*	*
temp_vcf4_SM_AS17.vcf	Brahy.D01G0607300.v1.1	0	0	25	26	2952.83333333332	920.166666666671	0	0	0.00846644465767345	0.028255750769788	0	*	*
temp_vcf4_SM_AS17.vcf	Brahy.D01G0609000.v1.1	0	0.521739130434783	0	0.478260869565217	738.499999999999	248.5	0	0.00209955384480797	0	0.00192459102440731	0.24952741020794	*	0.499054820415879
temp_vcf4_SM_AS17.vcf	Brahy.D01G0611000.v1.1	0	0	1	2	742.999999999999	241	0	0	0.00134589502018843	0.00829875518672198	0	*	*
temp_vcf4_SM_AS17.vcf	Brahy.D01G0613100.v1.1	0	0	5	0	865.166666666666	325.833333333333	0	0	0.00577923328838374	0	0	*	*
temp_vcf4_SM_AS17.vcf	Brahy.D01G0613500.v1.1	0	0	4	2	489.333333333334	146.666666666667	0	0	0.00817438692098092	0.0136363636363636	0	*	*
temp_vcf4_SM_AS17.vcf	Brahy.D01G0615100.v1.1	0	0	2	5	1499.5	471.499999999999	0	0	0.00133377792597532	0.0106044538706257	0	*	*
temp_vcf4_SM_AS17.vcf	Brahy.D01G0617100.v1.1	0	0	2	0	1918.33333333334	541.666666666665	0	0	0.00104257167680278	0	-3	*	*
temp_vcf4_SM_AS17.vcf	Brahy.D01G0624100.v1.1	1.11672579270137	0.937254901960785	4.43279569892473	5.07254901960784	755.040164452877	273.959835547122	0.00147902832892417	0.00342113981813795	0.00587094025936601	0.018515666756324	0.175629713123079	0.355827466636475	0.432222222222222
temp_vcf4_SM_AS17.vcf	Brahy.D01G0625400.v1.1	0.388888888888889	0	3.22222222222222	2	1578.83333333334	479.166666666665	0.000246314085646926	0	0.00204088813821739	0.00417391304347827	0.0576131687242798	0.345679012345679	*
temp_vcf4_SM_AS17.vcf	Brahy.D01G0626100.v1.1	1.80606060606061	0	1.87272727272727	3.27272727272727	847.542424242423	271.457575757576	0.00213093829217452	0	0.00220959708819439	0.0120561279735658	0.204173553719008	0.408347107438017	*
temp_vcf4_SM_AS17.vcf	Brahy.D01G0626400.v1.1	0	0	0	1	901.833333333332	280.166666666667	0	0	0	0.00356930398572278	0	*	*
temp_vcf4_SM_AS17.vcf	Brahy.D01G0634200.v1.1	0	0	52	133	5844.83333333336	1853.16666666665	0	0	0.00889674641421194	0.0717690439787756	-2.84848484848485	*	*
temp_vcf4_SM_AS17.vcf	Brahy.D01G0638700.v1.1	0.181818181818182	0	8.09090909090909	12	1710.69696969697	575.30303030303	0.000106283102758046	0	0.00472959807273306	0.0208585725572821	0.00787091696182606	0.165289256198347	*
temp_vcf4_SM_AS17.vcf	Brahy.D01G0642500.v1.1	0	0	0	0	140.666666666667	45.3333333333333	0	0	0	0	*	*	*
temp_vcf4_SM_AS17.vcf	Brahy.D01G0642600.v1.1	0	0	0	0	543.166666666667	173.833333333333	0	0	0	0	*	*	*
temp_vcf4_SM_AS17.vcf	Brahy.D01G0644300.v1.1	0.0974358974358975	0	2	3.95	888.533333333332	296.316666666667	0.000109659248314711	0	0.00225090036014406	0.0133303335395692	0.0158333333333333	0.095	*
temp_vcf4_SM_AS17.vcf	Brahy.D01G0644800.v1.1	0	0	11	8	1406	453.999999999999	0	0	0.00782361308677098	0.0176211453744494	0	*	*
temp_vcf4_SM_AS17.vcf	Brahy.D01G0645000.v1.1	0	0	3	0	728.333333333333	249.666666666667	0	0	0.00411899313501144	0	0	*	*
temp_vcf4_SM_AS17.vcf	Brahy.D01G0646600.v1.1	0	0	3	4	383.5	144.5	0	0	0.00782268578878748	0.027681660899654	0	*	*
temp_vcf4_SM_AS17.vcf	Brahy.D01G0647200.v1.1	0	0	0	0	593.333333333333	192.666666666667	0	0	0	0	*	*	*
temp_vcf4_SM_AS17.vcf	Brahy.D01G0648400.v1.1	0	0	1	1	711	240	0	0	0.00140646976090014	0.00416666666666666	0	*	*
temp_vcf4_SM_AS17.vcf	Brahy.D01G0653000.v1.1	0	0	9	6	1179	351	0	0	0.00763358778625955	0.0170940170940171	0	*	*
temp_vcf4_SM_AS17.vcf	Brahy.D01G0653100.v1.1	2.84699516170104	1.3698752228164	10.4272727272727	10.5942577030812	802.557397504455	280.442602495543	0.00354740380009423	0.00488469016699475	0.0129925569930527	0.0377769198003702	0.140272478823124	0.356329524517634	0.384259259259259
temp_vcf4_SM_AS17.vcf	Brahy.D01G0653400.v1.1	0.0625	0	1.96875	2	289	107	0.000216262975778547	0	0.00681228373702422	0.0186915887850467	0.01513671875	0.060546875	*
temp_vcf4_SM_AS17.vcf	Brahy.D01G0654200.v1.1	0	0	1	0	399.333333333334	128.666666666667	0	0	0.00250417362270451	0	0	*	*
temp_vcf4_SM_AS17.vcf	Brahy.D01G0656900.v1.1	0	0	0	1	818.166666666666	273.833333333334	0	0	0	0.00365185636031649	0	*	*
temp_vcf4_SM_AS17.vcf	Brahy.D01G0658700.v1.1	0	0	0	25	5572.6666666667	1558.33333333332	0	0	0	0.0160427807486632	-24	*	*
temp_vcf4_SM_AS17.vcf	Brahy.D01G0658900.v1.1	0	0	4	40	3177.99999999999	1124	0	0	0.0012586532410321	0.0355871886120996	-3	*	*
temp_vcf4_SM_AS17.vcf	Brahy.D01G0659500.v1.1	0	0	0	0	3461.99999999998	1098.00000000001	0	0	0	0	*	*	*
temp_vcf4_SM_AS17.vcf	Brahy.D01G0664100.v1.1	0	0	60	116	8009.66666666677	2484.33333333332	0	0	0.00749094843730483	0.0466926070038914	-14.4782608695652	*	*
temp_vcf4_SM_AS17.vcf	Brahy.D01G0664800.v1.1	0	0	1	1	794.666666666665	264.333333333334	0	0	0.00125838926174497	0.00378310214375788	0	*	*
temp_vcf4_SM_AS17.vcf	Brahy.D01G0668300.v1.1	0	0	3	3	1242.33333333333	389.666666666666	0	0	0.00241481083981755	0.00769888793840891	0	*	*
temp_vcf4_SM_AS17.vcf	Brahy.D01G0671500.v1.1	0	0	0	0	302.833333333333	105.166666666667	0	0	0	0	*	*	*
temp_vcf4_SM_AS17.vcf	Brahy.D01G0672900.v1.1	0	0	1	5	967.999999999999	355	0	0	0.00103305785123967	0.0140845070422535	0	*	*
temp_vcf4_SM_AS17.vcf	Brahy.D01G0677300.v1.1	0	0	0	8	2535.5	773.500000000001	0	0	0	0.0103425985778927	-3	*	*
temp_vcf4_SM_AS17.vcf	Brahy.D01G0677500.v1.1	0.545454545454545	0	2	5.54545454545454	2369.0303030303	702.969696969699	0.000230243802604313	0	0.000844227276215816	0.00788861108716266	0.0619834710743802	0.495867768595041	*
temp_vcf4_SM_AS17.vcf	Brahy.D01G0677700.v1.1	2.21688311688312	0.658585858585859	3.13571428571429	3.32272727272727	2302.15043290044	691.849567099568	0.000962961883463935	0.000951920605149526	0.0013620805317069	0.00480267305312786	0.233552959932338	0.394971496036431	0.297112539536782
temp_vcf4_SM_AS17.vcf	Brahy.D01G0680100.v1.1	0	0	0	1	216	66.0000000000001	0	0	0	0.0151515151515151	0	*	*
temp_vcf4_SM_AS17.vcf	Brahy.D01G0680300.v1.1	0	0	7	5	912.499999999999	281.5	0	0	0.00767123287671234	0.0177619893428064	0	*	*
temp_vcf4_SM_AS17.vcf	Brahy.D01G0682600.v1.1	0	0	0	0	464.333333333334	156.666666666667	0	0	0	0	*	*	*
temp_vcf4_SM_AS17.vcf	Brahy.D01G0683500.v1.1	0	0	0	0	302.833333333333	105.166666666667	0	0	0	0	*	*	*
temp_vcf4_SM_AS17.vcf	Brahy.D01G0684100.v1.1	0	0	0	0	1741.66666666667	547.333333333333	0	0	0	0	*	*	*
temp_vcf4_SM_AS17.vcf	Brahy.D01G0684500.v1.1	0	0	0	0	1823.5	660.500000000001	0	0	0	0	*	*	*
temp_vcf4_SM_AS17.vcf	Brahy.D01G0685700.v1.1	0	0	0	1	789.999999999999	266	0	0	0	0.0037593984962406	0	*	*
temp_vcf4_SM_AS17.vcf	Brahy.D01G0688300.v1.1	0	0	1	2	206.166666666667	60.8333333333334	0	0	0.00485044462409054	0.0328767123287671	0	*	*
temp_vcf4_SM_AS17.vcf	Brahy.D01G0688800.v1.1	0.545454545454545	0	18	11.5	1432.33333333334	505.666666666666	0.00038081536801574	0	0.0125669071445194	0.0227422544495716	0.0161290322580645	0.5	*
temp_vcf4_SM_AS17.vcf	Brahy.D01G0689900.v1.1	0	0	2	0	695.666666666667	240.333333333334	0	0	0.00287494010541447	0	0	*	*
temp_vcf4_SM_AS17.vcf	Brahy.D01G0696100.v1.1	0.0555555555555556	0	1.97222222222222	0	1135.81481481481	394.185185185184	4.89125118205237e-05	0	0.00173639416962859	0	0.0270061728395062	0.0540123456790125	*
temp_vcf4_SM_AS17.vcf	Brahy.D01G0696900.v1.1	1.45082059619417	0	1.53488372093023	0.5	2173.93178294574	651.168217054264	0.000667371721401611	0	0.000706040425449974	0.000767850744100942	0.354391563007031	0.472522084009374	*
temp_vcf4_SM_AS17.vcf	Brahy.D01G0698200.v1.1	0	0	0	1	265.833333333333	79.1666666666667	0	0	0	0.0126315789473684	0	*	*
temp_vcf4_SM_AS17.vcf	Brahy.D01G0698900.v1.1	0	0	2	3	586	203	0	0	0.00341296928327645	0.0147783251231527	0	*	*
temp_vcf4_SM_AS17.vcf	Brahy.D01G0699100.v1.1	0	0	10	7	562.666666666667	175.333333333333	0	0	0.0177725118483412	0.0399239543726236	0	*	*
temp_vcf4_SM_AS17.vcf	Brahy.D01G0700900.v1.1	0	0	0	0	1037.16666666666	369.833333333333	0	0	0	0	*	*	*
temp_vcf4_SM_AS17.vcf	Brahy.D01G0701300.v1.1	0	0	0	0	2168	811.000000000001	0	0	0	0	*	*	*
temp_vcf4_SM_AS17.vcf	Brahy.D01G0701800.v1.1	0	0	0	0	682.166666666666	256.833333333334	0	0	0	0	*	*	*
temp_vcf4_SM_AS17.vcf	Brahy.D01G0703600.v1.1	0	0	0	0	1353.33333333333	422.666666666666	0	0	0	0	*	*	*
temp_vcf4_SM_AS17.vcf	Brahy.D01G0704600.v1.1	0	0	0	1	1088	352	0	0	0	0.00284090909090909	0	*	*
temp_vcf4_SM_AS17.vcf	Brahy.D01G0709200.v1.1	1.15512726829862	0.474308300395257	2.31267507002801	1.34782608695652	869.027777777776	258.972222222223	0.00132921788904429	0.0018315026079834	0.00266122111302568	0.00520451991101949	0.258595361415135	0.365961989370912	0.453686200378072
temp_vcf4_SM_AS17.vcf	Brahy.D01G0720800.v1.1	0	0	16	8	1033.83333333333	340.166666666667	0	0	0.015476382395615	0.0235178833904949	0	*	*
temp_vcf4_SM_AS17.vcf	Brahy.D01G0720900.v1.1	0	0	19	33	2202.33333333333	785.666666666668	0	0	0.0086272135613743	0.0420025456088247	-2.2	*	*
temp_vcf4_SM_AS17.vcf	Brahy.D01G0721000.v1.1	0.222222222222222	0.436363636363636	2	3.16161616161616	1020.42592592592	350.574074074074	0.000217773986897266	0.00124471165620603	0.00195996588207539	0.00901839695352981	0.0990375131789273	0.197530864197531	0.396694214876033
temp_vcf4_SM_AS17.vcf	Brahy.D01G0721100.v1.1	0	0	13	7	1074.16666666666	341.833333333333	0	0	0.0121024049650892	0.0204778156996587	0	*	*
temp_vcf4_SM_AS17.vcf	Brahy.D01G0722000.v1.1	0	0	12	24	1921.00000000001	629	0	0	0.00624674648620508	0.0381558028616852	-3	*	*
temp_vcf4_SM_AS17.vcf	Brahy.D01G0722600.v1.1	0	0	2	3	809.833333333333	288.166666666667	0	0	0.00246964395966248	0.0104106419895894	0	*	*
temp_vcf4_SM_AS17.vcf	Brahy.D01G0722800.v1.1	0	0	0	1	943.333333333332	319.666666666667	0	0	0	0.00312825860271116	0	*	*
temp_vcf4_SM_AS17.vcf	Brahy.D01G0724400.v1.1	0	0	0	0	1192.5	400.499999999999	0	0	0	0	*	*	*
temp_vcf4_SM_AS17.vcf	Brahy.D01G0726400.v1.1	0	0	0	0	1066	323	0	0	0	0	*	*	*
temp_vcf4_SM_AS17.vcf	Brahy.D01G0730600.v1.1	0	0	6	3	1720.33333333334	559.666666666666	0	0	0.00348769618291028	0.00536033353186421	0	*	*
temp_vcf4_SM_AS17.vcf	Brahy.D01G0731400.v1.1	0	0	2	0	629.833333333333	213.166666666667	0	0	0.00317544323895211	0	0	*	*
temp_vcf4_SM_AS17.vcf	Brahy.D01G0733800.v1.1	0	0	0	0	551.666666666667	168.333333333333	0	0	0	0	*	*	*
temp_vcf4_SM_AS17.vcf	Brahy.D01G0734900.v1.1	0	0	2	0	1063	344	0	0	0.00188146754468486	0	0	*	*
temp_vcf4_SM_AS17.vcf	Brahy.D01G0736500.v1.1	0	0	0	0	430.5	157.5	0	0	0	0	*	*	*
temp_vcf4_SM_AS17.vcf	Brahy.D01G0739500.v1.1	0	0	8	8	2256.5	842.500000000001	0	0	0.00354531353866607	0.00949554896142432	-3	*	*
temp_vcf4_SM_AS17.vcf	Brahy.D01G0742200.v1.1	0	0	5	6	1384.16666666667	493.833333333332	0	0	0.00361228175797712	0.0121498481268984	0	*	*
temp_vcf4_SM_AS17.vcf	Brahy.D01G0742300.v1.1	0	0	3	1	898.166666666665	280.833333333333	0	0	0.00334013731675636	0.00356083086053413	0	*	*
temp_vcf4_SM_AS17.vcf	Brahy.D01G0746500.v1.1	0	0	4	5	977.999999999998	288	0	0	0.00408997955010226	0.0173611111111111	0	*	*
temp_vcf4_SM_AS17.vcf	Brahy.D01G0749100.v1.1	0	0	6	2	831.166666666666	287.833333333334	0	0	0.00721876879887709	0.00694846554719165	0	*	*
temp_vcf4_SM_AS17.vcf	Brahy.D01G0752300.v1.1	0	0	0	0	365.166666666667	135.833333333333	0	0	0	0	*	*	*
temp_vcf4_SM_AS17.vcf	Brahy.D01G0752400.v1.1	0	0	0	0	374.833333333333	141.166666666667	0	0	0	0	*	*	*
temp_vcf4_SM_AS17.vcf	Brahy.D01G0752500.v1.1	0	0	0	0	423.333333333334	155.666666666667	0	0	0	0	*	*	*
temp_vcf4_SM_AS17.vcf	Brahy.D01G0752600.v1.1	0	0	0	0	2050.00000000001	662	0	0	0	0	*	*	*
temp_vcf4_SM_AS17.vcf	Brahy.D01G0754600.v1.1	0	0	0	1	618.333333333334	218.666666666667	0	0	0	0.00457317073170731	0	*	*
temp_vcf4_SM_AS17.vcf	Brahy.D01G0755100.v1.1	0	0	1	0	360.166666666667	140.833333333333	0	0	0.002776492364646	0	0	*	*
temp_vcf4_SM_AS17.vcf	Brahy.D01G0755300.v1.1	0	0	4	6	439	167	0	0	0.00911161731207289	0.0359281437125748	0	*	*
temp_vcf4_SM_AS17.vcf	Brahy.D01G0755400.v1.1	0	0	2	8	2048.33333333334	690.666666666668	0	0	0.000976403580146456	0.0115830115830116	0	*	*
temp_vcf4_SM_AS17.vcf	Brahy.D01G0761400.v1.1	0	0	1	0	768.499999999999	233.500000000001	0	0	0.00130123617436565	0	0	*	*
temp_vcf4_SM_AS17.vcf	Brahy.D01G0761500.v1.1	0	0	0	1	648.5	212.5	0	0	0	0.00470588235294117	0	*	*
temp_vcf4_SM_AS17.vcf	Brahy.D01G0762700.v1.1	0	0	4	3	1196	352	0	0	0.00334448160535117	0.00852272727272728	0	*	*
temp_vcf4_SM_AS17.vcf	Brahy.D01G0765700.v1.1	0	0	6	30	3569.66666666665	1242.33333333333	0	0	0.00168082920907649	0.0241481083981755	-3	*	*
temp_vcf4_SM_AS17.vcf	Brahy.D01G0765800.v1.1	0	0	3	0	585.333333333333	203.666666666667	0	0	0.005125284738041	0	0	*	*
temp_vcf4_SM_AS17.vcf	Brahy.D01G0767800.v1.1	0.110924369747899	0	10.9428571428571	3	1247.92380952381	378.07619047619	8.88871330936673e-05	0	0.00876885035716466	0.00793490855962518	0.00718367346938775	0.107755102040816	*
temp_vcf4_SM_AS17.vcf	Brahy.D01G0768000.v1.1	0.295566502463054	0.0952380952380953	2	5.7799671592775	1149.63492063492	344.365079365079	0.000257095967735408	0.000276561419681955	0.0017396827150096	0.0167844171944911	0.047009687743508	0.285374554102259	0.090702947845805
temp_vcf4_SM_AS17.vcf	Brahy.D01G0768500.v1.1	0	0	2	0	2155.00000000001	614	0	0	0.000928074245939673	0	0	*	*
temp_vcf4_SM_AS17.vcf	Brahy.D01G0769500.v1.1	0	0	1	0	1046.33333333333	357.666666666667	0	0	0.000955718381650208	0	0	*	*
temp_vcf4_SM_AS17.vcf	Brahy.D01G0769600.v1.1	0	0	1	0	317.5	117.5	0	0	0.00314960629921259	0	0	*	*
temp_vcf4_SM_AS17.vcf	Brahy.D01G0770700.v1.1	1.5994489347756	0.54193780076133	14.2371651414841	6.90844418739156	756.764922003283	260.235077996716	0.00211353471635761	0.00208249327851247	0.0188131938036926	0.0265469368717415	0.0820625702778004	0.21831714224647	0.17444808707324
temp_vcf4_SM_AS17.vcf	Brahy.D01G0772000.v1.1	0	0	4	5	748.666666666666	265.333333333334	0	0	0.00534283170080143	0.0188442211055276	0	*	*
temp_vcf4_SM_AS17.vcf	Brahy.D01G0773900.v1.1	0	0	0	2	351.5	131.5	0	0	0	0.0152091254752852	0	*	*
temp_vcf4_SM_AS17.vcf	Brahy.D01G0774900.v1.1	0	0	2	0	1134.66666666666	422.333333333333	0	0	0.00176263219741481	0	0	*	*
temp_vcf4_SM_AS17.vcf	Brahy.D01G0775600.v1.1	0.247619047619048	0	3.86666666666667	0	277.577777777778	97.4222222222222	0.000892070862449535	0	0.0139300296213274	0	0.0577777777777778	0.231111111111111	*
temp_vcf4_SM_AS17.vcf	Brahy.D01G0775700.v1.1	0	0	1	0	448.833333333334	157.166666666667	0	0	0.00222799851466766	0	0	*	*
temp_vcf4_SM_AS17.vcf	Brahy.D01G0775900.v1.1	0	0	1	0	392	118	0	0	0.00255102040816326	0	0	*	*
temp_vcf4_SM_AS17.vcf	Brahy.D01G0778700.v1.1	0	0	0	0	516.833333333334	179.166666666667	0	0	0	0	*	*	*
temp_vcf4_SM_AS17.vcf	Brahy.D01G0782000.v1.1	0	0	0	1	524.333333333334	183.666666666667	0	0	0	0.00544464609800363	0	*	*
temp_vcf4_SM_AS17.vcf	Brahy.D01G0782300.v1.1	0	0	1	0	189.833333333333	71.1666666666667	0	0	0.00526777875329236	0	0	*	*
temp_vcf4_SM_AS17.vcf	Brahy.D01G0785500.v1.1	0	0	2	3	1341.5	431.499999999999	0	0	0.00149086843086097	0.00695249130938588	0	*	*
temp_vcf4_SM_AS17.vcf	Brahy.D01G0785600.v1.1	0.0625	0	2	4.96875	1553.14583333334	498.854166666665	4.02409089079958e-05	0	0.00128770908505586	0.00996032574650244	0.007568359375	0.060546875	*
temp_vcf4_SM_AS17.vcf	Brahy.D01G0785800.v1.1	0	0	3	1	1533.66666666667	491.333333333331	0	0	0.0019560965007607	0.00203527815468115	0	*	*
temp_vcf4_SM_AS17.vcf	Brahy.D01G0785900.v1.1	0	0	1	0	1520.5	492.499999999998	0	0	0.000657678395264714	0	0	*	*
temp_vcf4_SM_AS17.vcf	Brahy.D01G0787300.v1.1	0	0	5	0	1485.5	467.499999999999	0	0	0.003365870077415	0	0	*	*
temp_vcf4_SM_AS17.vcf	Brahy.D01G0794400.v1.1	0.583573695152642	0	0.884615384615385	1.76315789473684	496.598515519569	169.401484480432	0.00117514184379322	0	0.00178134923276976	0.0104081608265984	0.188545952236555	0.282818928354833	*
temp_vcf4_SM_AS17.vcf	Brahy.D01G0795200.v1.1	0	0	12.037037037037	7.96296296296296	2396.33333333333	807.66666666667	0	0	0.00502310628892907	0.00985921951666892	0	*	*
temp_vcf4_SM_AS17.vcf	Brahy.D01G0795800.v1.1	0	0	3	3	1816.50000000001	484.499999999998	0	0	0.00165152766308835	0.00619195046439631	0	*	*
temp_vcf4_SM_AS17.vcf	Brahy.D01G0797000.v1.1	0	0	3	2	1037.66666666666	315.333333333333	0	0	0.00289110183103116	0.00634249471458774	0	*	*
temp_vcf4_SM_AS17.vcf	Brahy.D01G0798000.v1.1	0	0	2	1	2516.33333333333	843.66666666667	0	0	0.000794807259239634	0.00118530225207427	0	*	*
temp_vcf4_SM_AS17.vcf	Brahy.D01G0803400.v1.1	1.37653457653458	0.384615384615385	18	23.4046231546232	2206.94107744108	667.058922558924	0.000623729645800354	0.000576583824319373	0.00815608544514055	0.0350862905256405	0.0356713372577138	0.312545147699577	0.355029585798817
temp_vcf4_SM_AS17.vcf	Brahy.D01G0804100.v1.1	0	0	3	0	1659.66666666667	527.333333333332	0	0	0.00180759188592086	0	0	*	*
temp_vcf4_SM_AS17.vcf	Brahy.D01G0808300.v1.1	0.22	0	0.88	2	726.626666666666	260.373333333334	0.000302768959759253	0	0.00121107583903701	0.00768127816468659	0.0704	0.2112	*
temp_vcf4_SM_AS17.vcf	Brahy.D01G0811100.v1.1	0.173160173160173	0.173160173160173	13.9090909090909	12.9090909090909	1508.86363636364	465.136363636362	0.00011476197648814	0.000372278296640655	0.00921825576140983	0.0277533470145608	0.012243648607285	0.165289256198347	0.165289256198347
temp_vcf4_SM_AS17.vcf	Brahy.D01G0812400.v1.1	0	0	2	5	648.333333333334	179.666666666667	0	0	0.00308483290488432	0.0278293135435993	0	*	*
temp_vcf4_SM_AS17.vcf	Brahy.D01G0814200.v1.1	0	0.0714285714285714	5	3.96428571428571	1651	499.999999999999	0	0.000142857142857143	0.00302846759539672	0.00792857142857145	0.00765306122448978	*	0.068877551020408
temp_vcf4_SM_AS17.vcf	Brahy.D01G0819500.v1.1	0	0	0	0	1663.66666666667	532.333333333332	0	0	0	0	*	*	*
temp_vcf4_SM_AS17.vcf	Brahy.D01G0820500.v1.1	0	0	0	0	1087.5	361.499999999999	0	0	0	0	*	*	*
temp_vcf4_SM_AS17.vcf	Brahy.D01G0826100.v1.1	0	0	0	0	337.166666666667	106.833333333333	0	0	0	0	*	*	*
temp_vcf4_SM_AS17.vcf	Brahy.D01G0827200.v1.1	0	0	1	1	329.333333333333	123.666666666667	0	0	0.00303643724696356	0.00808625336927224	0	*	*
temp_vcf4_SM_AS17.vcf	Brahy.D01G0827900.v1.1	0.800532281007663	0.590250329380764	1.19354838709677	3.70900076277651	522.245614035088	158.754385964912	0.00153286549373276	0.00371800958942464	0.00228541581780825	0.0233631388527197	0.167832643808427	0.38877438955843	0.282556185675278
temp_vcf4_SM_AS17.vcf	Brahy.D01G0828000.v1.1	1.03571428571429	0	2.95833333333333	1	562.833333333333	181.166666666667	0.00184017936460933	0	0.00525614450695884	0.00551977920883164	0.182638888888889	0.456597222222222	*
temp_vcf4_SM_AS17.vcf	Brahy.D01G0828100.v1.1	0	0	0	0	1242	359.999999999999	0	0	0	0	*	*	*
temp_vcf4_SM_AS17.vcf	Brahy.D01G0830400.v1.1	0	0	2	0	549	204	0	0	0.00364298724954462	0	0	*	*
temp_vcf4_SM_AS17.vcf	Brahy.D01G0835000.v1.1	0	0	4	20	3635.99999999999	1353	0	0	0.0011001100110011	0.0147819660014782	-3	*	*
temp_vcf4_SM_AS17.vcf	Brahy.D01G0835800.v1.1	0	0	1	2	1230.83333333333	395.166666666666	0	0	0.000812457684495599	0.00506115563053565	0	*	*
temp_vcf4_SM_AS17.vcf	Brahy.D01G0837800.v1.1	0	0	2	0	1136.33333333333	351.666666666667	0	0	0.00176004693458492	0	0	*	*
temp_vcf4_SM_AS17.vcf	Brahy.D01G0838200.v1.1	0	0	13	10	808.833333333332	265.166666666667	0	0	0.0160725324541521	0.0377121307353865	0	*	*
temp_vcf4_SM_AS17.vcf	Brahy.D01G0838400.v1.1	0	0	4	6	1953.33333333334	674.666666666667	0	0	0.00204778156996587	0.00889328063241107	-3	*	*
temp_vcf4_SM_AS17.vcf	Brahy.D01G0838500.v1.1	0.0800000000000001	0	6	0.96	370.793333333333	145.206666666667	0.00021575360937809	0	0.0161815207033568	0.00661126670033515	0.0109714285714286	0.0768	*
temp_vcf4_SM_AS17.vcf	Brahy.D01G0839200.v1.1	0.76450356660883	0.296190476190476	15.4841989589358	12.9285714285714	1048.19387755102	355.806122448979	0.000729353207438115	0.000832449071285861	0.0147722661718964	0.0363360004588604	0.0335090374777982	0.241806021036486	0.1472
temp_vcf4_SM_AS17.vcf	Brahy.D01G0843600.v1.1	0	0	4	80	2052.33333333334	758.666666666669	0	0	0.00194900113691732	0.105448154657293	-3	*	*
temp_vcf4_SM_AS17.vcf	Brahy.D01G0843900.v1.1	0	0	2	1	792.833333333333	251.166666666667	0	0	0.00252259827622451	0.00398142003981419	0	*	*
temp_vcf4_SM_AS17.vcf	Brahy.D01G0845900.v1.1	0	0	13	13	1830.66666666667	551.333333333332	0	0	0.00710123816460304	0.0235792019347038	0	*	*
temp_vcf4_SM_AS17.vcf	Brahy.D01G0847100.v1.1	0	0	0	1	741.166666666666	245.833333333334	0	0	0	0.00406779661016949	0	*	*
temp_vcf4_SM_AS17.vcf	Brahy.D01G0847400.v1.1	0	0	3	3	1331.83333333333	438.166666666665	0	0	0.00225253410086347	0.0068467097755801	0	*	*
temp_vcf4_SM_AS17.vcf	Brahy.D01G0847700.v1.1	0	0	0	1	1144.83333333333	400.166666666666	0	0	0	0.00249895876718035	0	*	*
temp_vcf4_SM_AS17.vcf	Brahy.D01G0848700.v1.1	0	0	0	2	993.166666666665	341.833333333333	0	0	0	0.00585080448561677	0	*	*
temp_vcf4_SM_AS17.vcf	Brahy.D01G0849800.v1.1	0	0	0	0	610	185	0	0	0	0	*	*	*
temp_vcf4_SM_AS17.vcf	Brahy.D01G0852500.v1.1	0	0	0	1	730.666666666666	247.333333333334	0	0	0	0.00404312668463611	0	*	*
temp_vcf4_SM_AS17.vcf	Brahy.D01G0853200.v1.1	0	0	0	0	894.666666666665	254.333333333334	0	0	0	0	*	*	*
temp_vcf4_SM_AS17.vcf	Brahy.D01G0856200.v1.1	1.02666666666667	1.02941176470588	3.12	27.1764705882353	2188.21847843138	835.78152156863	0.000469179232689156	0.00123167566898804	0.00142581740843198	0.0325162376612842	-2.22475232602845	0.488614532871972	0.484429065743945
temp_vcf4_SM_AS17.vcf	Brahy.D01G0857200.v1.1	0	0	0	1	357	105	0	0	0	0.00952380952380953	0	*	*
temp_vcf4_SM_AS17.vcf	Brahy.D01G0857500.v1.1	0	0	2	5	3476.33333333331	996.666666666674	0	0	0.000575318822514147	0.00501672240802672	0	*	*
temp_vcf4_SM_AS17.vcf	Brahy.D01G0858600.v1.1	0	0	0	1	1143	410.999999999999	0	0	0	0.00243309002433091	0	*	*
temp_vcf4_SM_AS17.vcf	Brahy.D01G0858800.v1.1	0	0	0	0	906.166666666665	275.833333333334	0	0	0	0	*	*	*
temp_vcf4_SM_AS17.vcf	Brahy.D01G0861700.v1.1	0	0	0	1	261.666666666667	86.3333333333333	0	0	0	0.0115830115830116	0	*	*
temp_vcf4_SM_AS17.vcf	Brahy.D01G0863800.v1.1	0	0	0	0	837.333333333332	248.666666666667	0	0	0	0	*	*	*
temp_vcf4_SM_AS17.vcf	Brahy.D01G0864900.v1.1	0	0	0	0	2114.66666666668	702.333333333335	0	0	0	0	*	*	*
temp_vcf4_SM_AS17.vcf	Brahy.D01G0865500.v1.1	0	0	1	4	2062.83333333334	607.166666666666	0	0	0.000484770138159488	0.00658797694208071	0	*	*
temp_vcf4_SM_AS17.vcf	Brahy.D01G0866800.v1.1	0	0	0	0	1035.83333333333	338.166666666666	0	0	0	0	*	*	*
temp_vcf4_SM_AS17.vcf	Brahy.D01G0867400.v1.1	0	0	0	0	721.5	259.5	0	0	0	0	*	*	*
temp_vcf4_SM_AS17.vcf	Brahy.D01G0867600.v1.1	0	0	0	1	1055.33333333333	291.666666666667	0	0	0	0.00342857142857143	0	*	*
temp_vcf4_SM_AS17.vcf	Brahy.D01G0867900.v1.1	0	0	0	4	3521.99999999999	1122	0	0	0	0.0035650623885918	-3	*	*
temp_vcf4_SM_AS17.vcf	Brahy.D01G0869500.v1.1	0	0	0	0	709.166666666666	238.833333333334	0	0	0	0	*	*	*
temp_vcf4_SM_AS17.vcf	Brahy.D01G0870400.v1.1	0	0	3	3	2029.50000000001	664.500000000002	0	0	0.00147819660014781	0.00451467268623024	0	*	*
temp_vcf4_SM_AS17.vcf	Brahy.D01G0870700.v1.1	0.209150326797386	0.209150326797386	11.7333333333333	19.681045751634	2843.28648981161	856.744144559787	7.35593572954528e-05	0.000244122271655386	0.0041266799442749	0.0229719057627718	-2.34955710291863	0.197530864197531	*
temp_vcf4_SM_AS17.vcf	Brahy.D01G0872100.v1.1	0	0	0	1	484.666666666667	154.333333333333	0	0	0	0.00647948164146869	0	*	*
temp_vcf4_SM_AS17.vcf	Brahy.D01G0872400.v1.1	0	0	1	3	1298	399.999999999999	0	0	0.000770416024653312	0.00750000000000001	0	*	*
temp_vcf4_SM_AS17.vcf	Brahy.D01G0875000.v1.1	0	0	0	0	859.166666666666	322.833333333333	0	0	0	0	*	*	*
temp_vcf4_SM_AS17.vcf	Brahy.D01G0875500.v1.1	0.28	0	0.16	0	633.5	209.5	0.000441988950276243	0	0.000252565114443568	0	0.2688	0.2688	*
temp_vcf4_SM_AS17.vcf	Brahy.D01G0878200.v1.1	0	0	2	0	485.333333333334	141.666666666667	0	0	0.00412087912087912	0	0	*	*
temp_vcf4_SM_AS17.vcf	Brahy.D01G0878500.v1.1	0	0	4	3	1088.33333333333	351.666666666666	0	0	0.00367534456355284	0.0085308056872038	0	*	*
temp_vcf4_SM_AS17.vcf	Brahy.D01G0878900.v1.1	0	0	1	0	460.333333333334	154.666666666667	0	0	0.00217233888486604	0	0	*	*
temp_vcf4_SM_AS17.vcf	Brahy.D01G0879700.v1.1	0	0	0	0	357.166666666667	89.8333333333333	0	0	0	0	*	*	*
temp_vcf4_SM_AS17.vcf	Brahy.D01G0880700.v1.1	0	0	1	0	710.999999999999	222	0	0	0.00140646976090014	0	0	*	*
temp_vcf4_SM_AS17.vcf	Brahy.D01G0880900.v1.1	0	0	3	4	770.499999999999	240.5	0	0	0.00389357560025958	0.0166320166320166	0	*	*
temp_vcf4_SM_AS17.vcf	Brahy.D01G0883100.v1.1	0	0	3	1	488	160	0	0	0.00614754098360655	0.00625	0	*	*
temp_vcf4_SM_AS17.vcf	Brahy.D01G0883200.v1.1	0	0	0	1	377.5	120.5	0	0	0	0.008298755186722	0	*	*
temp_vcf4_SM_AS17.vcf	Brahy.D01G0884200.v1.1	0	0	1	2	2691.83333333333	851.166666666671	0	0	0.000371494025137763	0.00234971607597414	0	*	*
temp_vcf4_SM_AS17.vcf	Brahy.D01G0885300.v1.1	0	0	0	3	725.833333333333	222.166666666667	0	0	0	0.013503375843961	0	*	*
temp_vcf4_SM_AS17.vcf	Brahy.D01G0886900.v1.1	0	0	0	1	337.166666666667	115.833333333333	0	0	0	0.00863309352517987	0	*	*
temp_vcf4_SM_AS17.vcf	Brahy.D01G0889800.v1.1	0	0	3	4	521	193	0	0	0.00575815738963531	0.0207253886010362	0	*	*
temp_vcf4_SM_AS17.vcf	Brahy.D01G0890700.v1.1	0	0	1	0	812.999999999999	288	0	0	0.001230012300123	0	0	*	*
temp_vcf4_SM_AS17.vcf	Brahy.D01G0891700.v1.1	0	0	1	3	366.833333333334	113.166666666667	0	0	0.00272603362108132	0.0265095729013255	0	*	*
temp_vcf4_SM_AS17.vcf	Brahy.D01G0893300.v1.1	0	0	0	1	1027.66666666666	322.333333333333	0	0	0	0.00310237849017581	0	*	*
temp_vcf4_SM_AS17.vcf	Brahy.D01G0893400.v1.1	2.27884615384615	0	1.46634615384615	0.461538461538462	469.569033530572	174.73865877712	0.00485305884996734	0	0.00312274883805915	0.00264130710838954	0.301451553254438	0.350025425295858	*
temp_vcf4_SM_AS17.vcf	Brahy.D01G0899000.v1.1	0	0	0	0	1253	405.999999999999	0	0	0	0	*	*	*
temp_vcf4_SM_AS17.vcf	Brahy.D01G0899200.v1.1	0	0	0	0	872.999999999999	291	0	0	0	0	*	*	*
temp_vcf4_SM_AS17.vcf	Brahy.D01G0901700.v1.1	0	0	7	4	812.166666666666	279.833333333334	0	0	0.00861892058280321	0.0142942227516379	0	*	*
temp_vcf4_SM_AS17.vcf	Brahy.D01G0902200.v1.1	0	0	2	3	714.5	251.5	0	0	0.00279916025192442	0.0119284294234592	0	*	*
temp_vcf4_SM_AS17.vcf	Brahy.D01G0902500.v1.1	0	0	0	0	568	182	0	0	0	0	*	*	*
temp_vcf4_SM_AS17.vcf	Brahy.D01G0903100.v1.1	0	0	0	3	975.833333333331	338.166666666666	0	0	0	0.00887136520453427	0	*	*
temp_vcf4_SM_AS17.vcf	Brahy.D01G0906100.v1.1	0	0	12	5	1765.83333333334	595.166666666666	0	0	0.00679565832940065	0.00840100812097452	0	*	*
temp_vcf4_SM_AS17.vcf	Brahy.D01G0908400.v1.1	0	0	2	1	533.5	171.5	0	0	0.00374882849109653	0.00583090379008746	0	*	*
temp_vcf4_SM_AS17.vcf	Brahy.D01G0908800.v1.1	0	0	0	0	180.333333333333	53.6666666666667	0	0	0	0	*	*	*
temp_vcf4_SM_AS17.vcf	Brahy.D01G0909400.v1.1	0	0	2	3	207.333333333333	50.6666666666667	0	0	0.00964630225080387	0.0592105263157894	0	*	*
temp_vcf4_SM_AS17.vcf	Brahy.D01G0913000.v1.1	3.48942860163101	1.36924687896824	11.1482279431463	8.61734001689164	1386.74741208594	404.252587914058	0.00251626833496824	0.00338710726883296	0.00803911934212816	0.0213167219568268	0.174525226992362	0.423174359597762	0.438087003556852
temp_vcf4_SM_AS17.vcf	Brahy.D01G0913100.v1.1	0.173160173160173	0.0714285714285714	5	5.87337662337662	949.333333333332	292.666666666667	0.000182401867795127	0.000244061178001952	0.00526685393258428	0.020068485045706	0.0212878915653414	0.165289256198347	0.068877551020408
temp_vcf4_SM_AS17.vcf	Brahy.D01G0913300.v1.1	0	0	4	1	1357.33333333334	403.666666666666	0	0	0.00294695481335952	0.00247729149463254	0	*	*
temp_vcf4_SM_AS17.vcf	Brahy.D01G0913400.v1.1	0	0	1	0	1100.33333333333	342.666666666666	0	0	0.000908815510451379	0	0	*	*
temp_vcf4_SM_AS17.vcf	Brahy.D01G0913500.v1.1	0	0	1	4	1029.33333333333	320.666666666667	0	0	0.000971502590673577	0.0124740124740125	0	*	*
temp_vcf4_SM_AS17.vcf	Brahy.D01G0913800.v1.1	0	0	4	1	1503.16666666667	449.833333333332	0	0	0.00266104889677347	0.00222304557243424	0	*	*
temp_vcf4_SM_AS17.vcf	Brahy.D01G0914400.v1.1	0	0	0	0	1611.66666666667	524.333333333332	0	0	0	0	*	*	*
temp_vcf4_SM_AS17.vcf	Brahy.D01G0915600.v1.1	0	0	0	0	3159.66666666666	962.333333333338	0	0	0	0	*	*	*
temp_vcf4_SM_AS17.vcf	Brahy.D01G0915900.v1.1	0	0	0	0	643.833333333333	196.166666666667	0	0	0	0	*	*	*
temp_vcf4_SM_AS17.vcf	Brahy.D01G0916800.v1.1	0	0	2	1	327	111	0	0	0.00611620795107033	0.00900900900900902	0	*	*
temp_vcf4_SM_AS17.vcf	Brahy.D01G0917200.v1.1	0	0	0	0	1214.83333333333	396.166666666666	0	0	0	0	*	*	*
temp_vcf4_SM_AS17.vcf	Brahy.D01G0918100.v1.1	0	0	12	15	1150.16666666667	391.833333333333	0	0	0.0104332705405014	0.038281582305402	0	*	*
temp_vcf4_SM_AS17.vcf	Brahy.D01G0919900.v1.1	0	0	1	0	758.166666666666	267.833333333333	0	0	0.00131897120246208	0	0	*	*
temp_vcf4_SM_AS17.vcf	Brahy.D01G0920900.v1.1	0	0	0	0	367.333333333333	106.666666666667	0	0	0	0	*	*	*
temp_vcf4_SM_AS17.vcf	Brahy.D01G0921400.v1.1	0	0	0	0	496.166666666667	160.833333333333	0	0	0	0	*	*	*
temp_vcf4_SM_AS17.vcf	Brahy.D01G0922200.v1.1	0	0.0740740740740742	3	1.96296296296296	1329.33333333333	431.666666666666	0	0.000171600171600172	0.0022567703109328	0.00454740454740455	0.0142661179698217	*	0.0713305898491086
temp_vcf4_SM_AS17.vcf	Brahy.D01G0922300.v1.1	0	0	0	1	693.999999999999	245.000000000001	0	0	0	0.00408163265306122	0	*	*
temp_vcf4_SM_AS17.vcf	Brahy.D01G0923500.v1.1	0	0	1	0	1900.33333333334	625.666666666667	0	0	0.000526223469566741	0	0	*	*
temp_vcf4_SM_AS17.vcf	Brahy.D01G0924400.v1.1	0	0	4	1	1293.5	446.499999999999	0	0	0.00309238500193274	0.00223964165733483	0	*	*
temp_vcf4_SM_AS17.vcf	Brahy.D01G0924900.v1.1	0	0	1	2	1778.16666666667	603.833333333333	0	0	0.000562376980035615	0.00331217223295611	0	*	*
temp_vcf4_SM_AS17.vcf	Brahy.D01G0925000.v1.1	0	0	0	0	519.166666666667	188.833333333333	0	0	0	0	*	*	*
temp_vcf4_SM_AS17.vcf	Brahy.D01G0926100.v1.1	0	0	0	0	347.833333333333	117.166666666667	0	0	0	0	*	*	*
temp_vcf4_SM_AS17.vcf	Brahy.D01G0931000.v1.1	0	0	46	110	2671.33333333333	910.666666666671	0	0	0.0172198652358373	0.120790629575402	-3	*	*
temp_vcf4_SM_AS17.vcf	Brahy.D01G0934100.v1.1	0	0	4	4	776.666666666666	207.333333333334	0	0	0.00515021459227468	0.0192926045016077	0	*	*
temp_vcf4_SM_AS17.vcf	Brahy.D01G0935800.v1.1	0.142450142450142	0.278333333333333	14.9259259259259	11.8575	1002.60592592592	356.394074074074	0.00014207989277401	0.000780970710740504	0.0148871311648608	0.033270755218942	0.0143414896874388	0.137174211248285	0.13219375
temp_vcf4_SM_AS17.vcf	Brahy.D01G0939600.v1.1	0	0	2	4	722.5	264.5	0	0	0.0027681660899654	0.0151228733459357	0	*	*
temp_vcf4_SM_AS17.vcf	Brahy.D01G0940000.v1.1	0.0714285714285714	0	7.96428571428571	6	928.333333333331	265.666666666667	7.69428058476534e-05	0	0.00857912285201335	0.0225846925972396	0.00491982507288629	0.068877551020408	*
temp_vcf4_SM_AS17.vcf	Brahy.D01G0941900.v1.1	0	0	0	0	290	91	0	0	0	0	0	*	*
temp_vcf4_SM_AS17.vcf	Brahy.D01G0942100.v1.1	0	0	5	4	298	98	0	0	0.0167785234899329	0.0408163265306122	0	*	*
temp_vcf4_SM_AS17.vcf	Brahy.D01G0943200.v1.1	0.273115220483642	0	10.1578947368421	8	1501.33333333334	505.666666666666	0.000181915111334574	0	0.00676591567729269	0.015820698747528	0.013996209359965	0.265927977839335	*
temp_vcf4_SM_AS17.vcf	Brahy.D01G0943900.v1.1	0	0	0	0	780.666666666665	221.333333333334	0	0	0	0	*	*	*
temp_vcf4_SM_AS17.vcf	Brahy.D01G0948100.v1.1	0.0357142857142858	0	3.98214285714286	0	564.011904761905	200.988095238095	6.33218650399985e-05	0	0.00706038795195981	0	0.00876913265306123	0.0350765306122449	*
temp_vcf4_SM_AS17.vcf	Brahy.D01G0949400.v1.1	0	0	2	0	700.166666666667	226.833333333334	0	0	0.00285646274696501	0	0	*	*
temp_vcf4_SM_AS17.vcf	Brahy.D01G0951000.v1.1	0	0	3	4	1176.33333333333	407.666666666666	0	0	0.00255029753471238	0.00981193785772691	0	*	*
temp_vcf4_SM_AS17.vcf	Brahy.D01G0952000.v1.1	0	0	1	4	929.166666666665	336.833333333333	0	0	0.0010762331838565	0.0118753092528451	0	*	*
temp_vcf4_SM_AS17.vcf	Brahy.D01G0952100.v1.1	0	0	1	1	914.333333333332	282.666666666667	0	0	0.001093693036821	0.00353773584905661	0	*	*
temp_vcf4_SM_AS17.vcf	Brahy.D01G0952500.v1.1	0	0	1	1	1539	503.999999999998	0	0	0.00064977257959714	0.00198412698412699	0	*	*
temp_vcf4_SM_AS17.vcf	Brahy.D01G0953000.v1.1	0	0	6	9	1607.83333333334	558.166666666666	0	0	0.00373173007152482	0.0161242161839355	0	*	*
temp_vcf4_SM_AS17.vcf	Brahy.D01G0955900.v1.1	0	0	2	2	321.333333333333	101.666666666667	0	0	0.0062240663900415	0.019672131147541	0	*	*
temp_vcf4_SM_AS17.vcf	Brahy.D01G0956800.v1.1	0	0	1	0	1167.5	404.499999999999	0	0	0.000856531049250536	0	0	*	*
temp_vcf4_SM_AS17.vcf	Brahy.D01G0957300.v1.1	0	0	0	1	662.499999999999	216.5	0	0	0	0.00461893764434179	0	*	*
temp_vcf4_SM_AS17.vcf	Brahy.D01G0957600.v1.1	0	0	2	3	1992.50000000001	668.500000000001	0	0	0.00100376411543287	0.00448765893792071	0	*	*
temp_vcf4_SM_AS17.vcf	Brahy.D01G0958200.v1.1	0.4	3.22521008403361	23	24.8	2033.79362962964	667.284495370373	0.000196676788722581	0.00483333586560179	0.0113089153515484	0.0371655570780719	-4.11621527777778	0.377592592592593	0.377592592592593
temp_vcf4_SM_AS17.vcf	Brahy.D01G0960100.v1.1	0	0	1	1	1072.16666666667	346.833333333333	0	0	0.000932690812995493	0.00288322921672273	0	*	*
temp_vcf4_SM_AS17.vcf	Brahy.D01G0961100.v1.1	0	0	2	3	1222	353	0	0	0.0016366612111293	0.00849858356940511	0	*	*
temp_vcf4_SM_AS17.vcf	Brahy.D01G0965300.v1.1	0	0	0	0	3662.16666666665	1233.83333333333	0	0	0	0	*	*	*
temp_vcf4_SM_AS17.vcf	Brahy.D01G0967200.v1.1	0	0	0	1	837.999999999999	278	0	0	0	0.00359712230215827	0	*	*
temp_vcf4_SM_AS17.vcf	Brahy.D01G0967300.v1.1	0	0	2	2	1318.66666666667	403.333333333333	0	0	0.00151668351870576	0.00495867768595042	0	*	*
temp_vcf4_SM_AS17.vcf	Brahy.D01G0968200.v1.1	0	0	2	0	358.166666666667	115.833333333333	0	0	0.00558399255467659	0	0	*	*
temp_vcf4_SM_AS17.vcf	Brahy.D01G0971100.v1.1	0	0	0	0	907.499999999999	301.5	0	0	0	0	*	*	*
temp_vcf4_SM_AS17.vcf	Brahy.D01G0971300.v1.1	0	0	1	0	352	122	0	0	0.00284090909090909	0	0	*	*
temp_vcf4_SM_AS17.vcf	Brahy.D01G0973700.v1.1	0	0	0	1	1467	482.999999999998	0	0	0	0.00207039337474121	0	*	*
temp_vcf4_SM_AS17.vcf	Brahy.D01G0977500.v1.1	0	0	0	0	461	166	0	0	0	0	*	*	*
temp_vcf4_SM_AS17.vcf	Brahy.D01G0977700.v1.1	0	0	0	0	867.499999999999	302.5	0	0	0	0	*	*	*
temp_vcf4_SM_AS17.vcf	Brahy.D01G0979200.v1.1	0	0	0	0	1173.33333333333	404.666666666666	0	0	0	0	*	*	*
temp_vcf4_SM_AS17.vcf	Brahy.D01G0979600.v1.1	0	0	0	0	1137.16666666667	416.833333333333	0	0	0	0	*	*	*
temp_vcf4_SM_AS17.vcf	Brahy.D01G0979700.v1.1	0	0	1	1	1163.66666666667	411.333333333333	0	0	0.000859352621025494	0.00243111831442464	0	*	*
temp_vcf4_SM_AS17.vcf	Brahy.D01G0981900.v1.1	0	0	8	17.75	3006.88020833332	915.666666666673	0	0	0.0026605649196894	0.0193847834000727	-2.93080357142857	*	*
temp_vcf4_SM_AS17.vcf	Brahy.D01G0983500.v1.1	0	0	0	0	2414.33333333333	867.666666666668	0	0	0	0	-3	*	*
temp_vcf4_SM_AS17.vcf	Brahy.D01G0984400.v1.1	0	0	4	0	1171.83333333333	358.166666666666	0	0	0.00341345470061158	0	0	*	*
temp_vcf4_SM_AS17.vcf	Brahy.D01G0984700.v1.1	0	0	15.0243902439024	4.97560975609756	1310.16666666667	435.833333333332	0	0	0.0114675412114762	0.0114163130159027	0	*	*
temp_vcf4_SM_AS17.vcf	Brahy.D01G0988100.v1.1	0	0	0	0	1144.66666666667	373.333333333333	0	0	0	0	*	*	*
temp_vcf4_SM_AS17.vcf	Brahy.D01G0989100.v1.1	0	0	4	4	540.666666666667	167.333333333333	0	0	0.00739827373612823	0.0239043824701195	0	*	*
temp_vcf4_SM_AS17.vcf	Brahy.D01G0991000.v1.1	0.0540540540540539	0	4	10.972972972973	2707.16666666666	880.833333333338	1.99670211367558e-05	0	0.00147755956411993	0.0124574906031859	0.00328707085463842	0.0525931336742147	*
temp_vcf4_SM_AS17.vcf	Brahy.D01G0993600.v1.1	0	0	7.92307692307692	7.07692307692308	1806.33333333334	533.666666666665	0	0	0.00438627620764545	0.0132609426800558	0	*	*
temp_vcf4_SM_AS17.vcf	Brahy.D01G0994300.v1.1	4.54926971303537	3.4550859742205	18.0711941233377	7.88223990900747	1209.53192306971	418.366036113961	0.00376118201286464	0.00825852405781656	0.0149406508242249	0.0188405349110614	0.211035851286698	0.341479511113527	0.374343650347998
temp_vcf4_SM_AS17.vcf	Brahy.D01G0996100.v1.1	0	0	6	8	2071.50000000001	688.500000000001	0	0	0.00289645184648804	0.0116194625998547	0	*	*
temp_vcf4_SM_AS17.vcf	Brahy.D01G1001200.v1.1	0	0	1	0	907.166666666665	265.833333333334	0	0	0.0011023332720926	0	0	*	*
temp_vcf4_SM_AS17.vcf	Brahy.D01G1003300.v1.1	0	0	1	1	2334.33333333333	686.666666666669	0	0	0.00042838783378552	0.00145631067961165	0	*	*
temp_vcf4_SM_AS17.vcf	Brahy.D01G1003400.v1.1	0	0	0	0	1072.33333333333	349.666666666666	0	0	0	0	*	*	*
temp_vcf4_SM_AS17.vcf	Brahy.D01G1006600.v1.1	0	0	1	7	619.833333333333	202.166666666667	0	0	0.00161333691852649	0.0346248969497114	0	*	*
temp_vcf4_SM_AS17.vcf	Brahy.D01G1008600.v1.1	0	0	4	0	802.666666666666	298.333333333333	0	0	0.00498338870431894	0	0	*	*
temp_vcf4_SM_AS17.vcf	Brahy.D01G1012700.v1.1	0	0	1	0	1170.33333333333	413.666666666666	0	0	0.000854457419538593	0	0	*	*
temp_vcf4_SM_AS17.vcf	Brahy.D01G1012800.v1.1	0	0	1	3	671.666666666666	246.333333333334	0	0	0.00148883374689826	0.0121786197564276	0	*	*
temp_vcf4_SM_AS17.vcf	Brahy.D01G1014100.v1.1	0	0	0	0	796.166666666665	223.833333333334	0	0	0	0	*	*	*
temp_vcf4_SM_AS17.vcf	Brahy.D01G1015000.v1.1	0	0	273	291	20294.0000000001	5388.99999999988	0	0	0.0134522518971124	0.0539988866208956	-8	*	*
temp_vcf4_SM_AS17.vcf	Brahy.D01G1016700.v1.1	0	0	1	0	883.499999999999	304.5	0	0	0.00113186191284663	0	0	*	*
temp_vcf4_SM_AS17.vcf	Brahy.D01G1017600.v1.1	0	0	0	1	951.833333333332	317.166666666667	0	0	0	0.00315291644771414	0	*	*
temp_vcf4_SM_AS17.vcf	Brahy.D01G1019900.v1.1	0	0	3	1	918.333333333332	320.666666666667	0	0	0.00326678765880218	0.00311850311850312	0	*	*
temp_vcf4_SM_AS17.vcf	Brahy.D01G1027300.v1.1	0	0	30	51	2171.00000000001	679.000000000001	0	0	0.0138185168125288	0.0751104565537554	-8	*	*
temp_vcf4_SM_AS17.vcf	Brahy.D01G1029400.v1.1	0.1	0	14.95	9	2048.31666666668	603.683333333333	4.88205762455348e-05	0	0.00729867614870744	0.0149084785069435	0.00365384615384615	0.095	*
temp_vcf4_SM_AS17.vcf	Brahy.D01G1030100.v1.1	0	0	44.9787234042553	50.0212765957447	1801.5	646.500000000001	0	0	0.024967373524427	0.077372430929226	0	*	*
temp_vcf4_SM_AS17.vcf	Brahy.D01G1030500.v1.1	0	0	44	45	3408.66666666665	1106.33333333334	0	0	0.0129082730295326	0.0406749020789393	0	*	*
temp_vcf4_SM_AS17.vcf	Brahy.D01G1030700.v1.1	0.0769230769230769	0.0769230769230769	16.9804063860668	7.94267053701016	1605.47435897436	512.525641025639	4.79129900101414e-05	0.000150086299622283	0.0105765665400689	0.0154971183902443	0.00568957669549386	0.0739644970414202	0.0739644970414202
temp_vcf4_SM_AS17.vcf	Brahy.D01G1031400.v1.1	0	0	0	0	1299.5	419.499999999999	0	0	0	0	*	*	*
temp_vcf4_SM_AS17.vcf	Brahy.D01G1031800.v1.1	0	0	14.1428571428571	9.85714285714286	709.333333333333	247.666666666667	0	0	0.0199382384532761	0.0398000384541434	0	*	*
temp_vcf4_SM_AS17.vcf	Brahy.D01G1032400.v1.1	0	0	15	6	1195	370.999999999999	0	0	0.0125523012552301	0.0161725067385445	0	*	*
temp_vcf4_SM_AS17.vcf	Brahy.D01G1032500.v1.1	0	0	8	7	1172.83333333333	381.166666666666	0	0	0.00682108853204491	0.0183646698731964	0	*	*
temp_vcf4_SM_AS17.vcf	Brahy.D01G1032800.v1.1	0	0	8	6	580.166666666667	229.833333333334	0	0	0.013789141051422	0.0261058738216098	0	*	*
temp_vcf4_SM_AS17.vcf	Brahy.D01G1033100.v1.1	0	0	3	3	317	103	0	0	0.00946372239747634	0.029126213592233	0	*	*
temp_vcf4_SM_AS17.vcf	Brahy.D01G1033300.v1.1	0	0	6	8	704.5	252.5	0	0	0.0085166784953868	0.0316831683168316	0	*	*
temp_vcf4_SM_AS17.vcf	Brahy.D01G1034300.v1.1	0	0	0	4	532.833333333334	199.166666666667	0	0	0	0.0200836820083682	0	*	*
temp_vcf4_SM_AS17.vcf	Brahy.D01G1034800.v1.1	0	0	13	13	1824.16666666667	566.833333333333	0	0	0.00712654179990862	0.0229344310496913	0	*	*
temp_vcf4_SM_AS17.vcf	Brahy.D01G1035400.v1.1	0	0	2	1	319	116	0	0	0.00626959247648903	0.00862068965517242	0	*	*
temp_vcf4_SM_AS17.vcf	Brahy.D01G1037800.v1.1	0	0	7.06666666666667	9.93333333333333	805.833333333333	280.166666666667	0	0	0.00876938986556361	0.0354550862581796	0	*	*
temp_vcf4_SM_AS17.vcf	Brahy.D01G1038600.v1.1	0	0	4	4	600.166666666667	200.833333333333	0	0	0.00666481532907526	0.0199170124481328	0	*	*
temp_vcf4_SM_AS17.vcf	Brahy.D01G1041000.v1.1	0	0	6	4	654.999999999999	215	0	0	0.00916030534351146	0.0186046511627907	0	*	*
temp_vcf4_SM_AS17.vcf	Brahy.D01G1041300.v1.1	0	0	20	9	1258.66666666667	424.333333333332	0	0	0.0158898305084746	0.0212097407698351	0	*	*
temp_vcf4_SM_AS17.vcf	Brahy.D01G1042800.v1.1	0	0	62	38	5582.00000000005	1620.99999999998	0	0	0.01110713006091	0.0234423195558301	-14.0769230769231	*	*
temp_vcf4_SM_AS17.vcf	Brahy.D01G1045900.v1.1	0	0	24	36	2397	840.000000000001	0	0	0.0100125156445557	0.0428571428571428	-3	*	*
temp_vcf4_SM_AS17.vcf	Brahy.D01G1046700.v1.1	0	0	4	7	1927.83333333334	670.166666666668	0	0	0.00207486815941903	0.0104451628948023	0	*	*
temp_vcf4_SM_AS17.vcf	Brahy.D01G1047000.v1.1	0	0	4	3	464.333333333334	174.666666666667	0	0	0.00861450107681263	0.017175572519084	0	*	*
temp_vcf4_SM_AS17.vcf	Brahy.D01G1048700.v1.1	7.15390503888956	0.436363636363636	7.15412274000509	1.93939393939394	1247.9898989899	387.010101010101	0.0057323421004287	0.00112752518661586	0.00573251654183701	0.00501122305162604	0.412613869103744	0.472695825706258	0.396694214876033
temp_vcf4_SM_AS17.vcf	Brahy.D01G1053400.v1.1	0	0	3	4	1277.16666666667	486.833333333332	0	0	0.0023489494975858	0.0082163642588155	0	*	*
temp_vcf4_SM_AS17.vcf	Brahy.D01G1054300.v1.1	0	0	4	4	740.666666666666	252.333333333334	0	0	0.00540054005400541	0.0158520475561427	0	*	*
temp_vcf4_SM_AS17.vcf	Brahy.D01G1054500.v1.1	0	0	4	5	808.666666666665	268.333333333334	0	0	0.00494641384995879	0.0186335403726708	0	*	*
temp_vcf4_SM_AS17.vcf	Brahy.D01G1057800.v1.1	0.105263157894737	0	6	3.94736842105263	1103.31578947368	405.684210526315	9.5406191861852e-05	0	0.00543815293612556	0.00973015049299431	0.00997229916897508	0.0997229916897509	*
temp_vcf4_SM_AS17.vcf	Brahy.D01G1061700.v1.1	0	0	1	9	1573.83333333334	517.166666666665	0	0	0.000635391295139255	0.0174025136964229	0	*	*
temp_vcf4_SM_AS17.vcf	Brahy.D01G1065800.v1.1	0	0	2	2	327.5	128.5	0	0	0.00610687022900763	0.0155642023346304	0	*	*
temp_vcf4_SM_AS17.vcf	Brahy.D01G1067400.v1.1	0.0769230769230769	0	3.96153846153846	1	1195.97435897436	406.025641025641	6.4318332868812e-05	0	0.00331239414274382	0.00246289864224819	0.014792899408284	0.0739644970414202	*
