product	piN	piS	pin/pis
Brahy.D01G0108400	0.000558927	0.000128721	4.342149092
Brahy.D01G0269700	0.00227033	0.001382994	1.641605134
Brahy.D01G0285000	0.003686633	0.003108666	1.185921171
Brahy.D01G0395900	0.009521718	0.006931592	1.373669659
Brahy.D01G0406800	0.001437426	0.001268709	1.132983486
Brahy.D01G0425900	0.001294692	0.000962438	1.345221672
Brahy.D01G0552500	0.000812172	0.000133098	6.102075924
Brahy.D01G0574600	0.002994044	0.001860009	1.609693791
Brahy.D01G0598700	0.003948441	0.003590597	1.099661297
Brahy.D01G0632700	0.000929222	0.000423358	2.19488368
Brahy.D01G0677700	0.000962962	0.000951921	1.011598949
Brahy.D01G0770700	0.002113535	0.002082493	1.014905901
Brahy.D01G0803400	0.00062373	0.000576584	1.081767506
Brahy.D01G1048700	0.005732342	0.001127525	5.084003593
Brahy.D02G0009900	0.001942684	0.001191818	1.630017851
Brahy.D02G0151300	0.001310761	0.000390448	3.357069348
Brahy.D02G0259200	0.000618405	0.000533621	1.158885652
Brahy.D02G0286700	0.007268012	0.00439124	1.655116221
Brahy.D02G0342100	0.002857072	0.002169497	1.316927966
Brahy.D02G0353400	0.002038255	0.00177288	1.149685826
Brahy.D02G0366500	0.003758407	0.00356544	1.054121524
Brahy.D02G0367000	0.010213903	0.007330917	1.39326392
Brahy.D02G0480400	0.001911976	0.000619718	3.085236582
Brahy.D02G0482100	0.015644346	0.005301855	2.950730828
Brahy.D02G0516100	0.005806048	0.003613028	1.606975887
Brahy.D02G0571900	0.003496555	0.002365801	1.477958226
Brahy.D02G0601400	0.010020414	0.005188327	1.931337931
Brahy.D02G0636900	0.026980071	0.020493536	1.31651613
Brahy.D02G0659000	0.005863743	0.002883966	2.03322213
Brahy.D02G0705300	0.000856397	0.000745264	1.149118378
Brahy.D02G0712100	0.000318488	0.000284916	1.11783153
Brahy.D02G0767700	0.002523178	0.001818894	1.387204376
Brahy.D02G0812200	0.001690669	0.001631344	1.036365495
Brahy.D03G0012600	0.00063972	0.000559368	1.143646692
Brahy.D03G0016700	0.000688626	0.000568087	1.212184716
Brahy.D03G0033000	0.004872649	0.004263972	1.142748786
Brahy.D03G0119900	0.002858266	0.001520285	1.880085769
Brahy.D03G0143600	0.003993965	0.002120819	1.883217887
Brahy.D03G0146400	0.006382767	0.00318695	2.002782395
Brahy.D03G0200100	0.006588212	0.002581848	2.551743001
Brahy.D03G0223100	0.001207938	0.001008024	1.198322187
Brahy.D03G0231700	0.002087279	0.001544056	1.351815498
Brahy.D03G0233000	0.006335649	0.004859422	1.303786545
Brahy.D03G0233400	0.001140351	0.00073097	1.560052375
Brahy.D03G0234700	0.002613927	0.00025914	10.08693425
Brahy.D03G0284200	0.024846689	0.015431578	1.610119808
Brahy.D03G0290700	0.000568733	0.000402716	1.412242306
Brahy.D03G0290800	0.003120848	0.002764849	1.128758848
Brahy.D03G0296000	0.001178329	0.000147397	7.994257294
Brahy.D03G0298100	0.006451295	0.00536751	1.2019158
Brahy.D03G0300000	0.001006207	0.000938902	1.071685628
Brahy.D03G0311100	0.011744023	0.010913656	1.07608515
Brahy.D03G0367500	0.000813367	0.000508977	1.598042374
Brahy.D03G0384900	0.000256859	0.000255771	1.00425368
Brahy.D03G0395200	0.000983506	0.000725	1.356560527
Brahy.D03G0400100	0.00094485	0.000691238	1.366895674
Brahy.D03G0401900	0.003584426	0.001917198	1.869617069
Brahy.D03G0405500	0.00384746	0.002423092	1.587830832
Brahy.D03G0427900	0.002356449	0.001792391	1.314695681
Brahy.D03G0430900	0.010973907	0.009717341	1.129311699
Brahy.D03G0431000	0.004208739	0.003905074	1.077761487
Brahy.D03G0433200	0.001527716	0.001480811	1.031675718
Brahy.D03G0445900	0.000752883	0.000188216	4.000098156
Brahy.D03G0462700	0.001084249	0.001028336	1.054372252
Brahy.D03G0463600	0.003481947	0.001930024	1.804095149
Brahy.D03G0466300	0.001492693	0.001150527	1.297400105
Brahy.D03G0476400	0.00390748	0.003278768	1.19175252
Brahy.D03G0490400	0.003745416	0.001260436	2.971525295
Brahy.D03G0506800	0.00085918	0.000714661	1.202219903
Brahy.D03G0528500	0.003114473	0.002397809	1.298882911
Brahy.D03G0529900	0.002186415	0.00079452	2.751869319
Brahy.D03G0530400	0.001704402	0.001278093	1.333550752
Brahy.D03G0559800	0.010494581	0.009580608	1.095398245
Brahy.D03G0576300	0.001080356	0.0007354	1.469073623
Brahy.D03G0586500	0.003099703	0.002328516	1.331192388
Brahy.D03G0589400	0.000554105	0.000417311	1.32779777
Brahy.D03G0623200	0.010682699	0.009626738	1.109690449
Brahy.D03G0628800	0.004495103	0.004102596	1.095672803
Brahy.D03G0674200	0.001135436	0.000632692	1.79461033
Brahy.D03G0674600	0.001223721	0.000815231	1.501072913
Brahy.D03G0683800	0.000963283	0.000684757	1.406751812
Brahy.D03G0718000	0.013572133	0.005183817	2.618173304
Brahy.D03G0775100	0.000792222	0.000601795	1.316430838
Brahy.D03G0819200	0.002280956	0.002191958	1.040601727
Brahy.D03G0825300	0.004887423	0.003200992	1.526846117
Brahy.D04G0022900	0.001743193	0.000744948	2.340021271
Brahy.D04G0040000	0.002685508	0.00240537	1.116463772
Brahy.D04G0071600	0.009366679	0.007604932	1.231658392
Brahy.D04G0078000	0.012143829	0.009694629	1.252634795
Brahy.D04G0117800	0.001091087	0.000968723	1.126314872
Brahy.D04G0121800	0.002079948	0.001783529	1.166198296
Brahy.D04G0143800	0.003907447	0.001422311	5.994981178
Brahy.D04G0153000	0.002483392	0.001157884	2.144766839
Brahy.D04G0176000	0.002141486	0.00169663	1.262199724
Brahy.D04G0180200	0.001519399	0.000305818	4.96830554
Brahy.D04G0207300	0.000388048	0.000162902	2.382088644
Brahy.D04G0214800	0.003030555	0.002104847	1.439797921
Brahy.D04G0219800	0.002306423	0.001169364	1.972373432
Brahy.D04G0219900	0.000267449	0.000247039	1.082618522
Brahy.D04G0246600	0.011029254	0.010427665	1.057691545
Brahy.D04G0249600	0.001273052	0.000764362	1.665509981
Brahy.D04G0277000	0.009174847	0.003390483	2.706058855
Brahy.D04G0291000	0.002805698	0.002282919	1.228995686
Brahy.D04G0331300	0.006284306	0.005915064	1.062423978
Brahy.D04G0352500	0.002730546	0.001721117	1.586496573
Brahy.D04G0356400	0.006470892	0.005723643	1.130554656
Brahy.D04G0364500	0.00172619	0.000550493	3.135716759
Brahy.D04G0381800	0.00128574	0.000774199	1.660736467
Brahy.D04G0417000	0.006168733	0.004893368	1.260631345
Brahy.D04G0437500	0.00278074	0.002523242	1.102050606
Brahy.D04G0478400	0.006526056	0.003584032	1.820869917
Brahy.D04G0547000	0.004077983	0.003558491	1.145986465
Brahy.D04G0560900	0.003484344	0.001110875	3.136574882
Brahy.D04G0574000	0.010757656	0.002701591	3.981970376
Brahy.D04G0574400	0.002000617	0.001971882	1.014572399
Brahy.D04G0575000	0.023767931	0.017726669	1.340800756
Brahy.D04G0578600	0.001039217	0.000800067	1.298912034
Brahy.D04G0621600	0.005676019	0.005497978	1.032383
Brahy.D04G0627700	0.001303689	0.000410961	3.172297707
Brahy.D04G0633200	0.00679262	0.004278046	1.587785925
Brahy.D04G0639700	0.007868634	0.00437809	1.797275613
Brahy.D04G0644600	0.003548411	0.002554082	1.389309813
Brahy.D05G0026400	0.000488857	0.000475462	1.028174257
Brahy.D05G0071900	0.002692777	0.001932138	1.39367711
Brahy.D05G0110200	0.003262885	0.003274248	1.233820778
Brahy.D05G0111100	0.001769943	0.001507243	1.282568439
Brahy.D05G0160100	0.008208072	0.007242363	1.154766705
Brahy.D05G0161000	0.000737074	0.001278469	1.12941849
Brahy.D05G0212100	0.000799891	0.000503943	1.587264275
Brahy.D05G0255800	0.002129461	0.003002612	1.054657815
Brahy.D05G0266700	0.015149867	0.014612067	1.044026866
Brahy.D05G0285500	0.002424255	0.001969153	1.235280779
Brahy.D05G0287900	0.001021194	0.000574876	1.788027661
Brahy.D05G0289300	0.002087894	0.001182094	2.475739597
Brahy.D05G0307900	0.000172878	0.000136132	1.269930018
Brahy.D05G0311800	0.009871297	0.005388011	1.832085499
Brahy.D05G0316200	0.001388833	0.000158769	8.747527087
Brahy.D05G0334300	0.001020975	0.001316545	1.02016899
Brahy.D05G0364600	0.000460822	0.000182984	2.518372191
Brahy.S01G0064300	0.002344086	0.001897011	1.235673258
Brahy.S01G0092900	0.000250423	6.41E-05	3.90920073
Brahy.S01G0093600	0.002711029	0.000859345	3.154761119
Brahy.S01G0131300	0.004874847	0.003933052	1.239456401
Brahy.S01G0131500	0.001936884	0.000583614	3.318773504
Brahy.S01G0171700	0.004133574	0.004087703	1.011221742
Brahy.S01G0217200	0.005517821	0.00139872	3.944907176
Brahy.S01G0237400	0.000478773	0.000503445	1.011683653
Brahy.S01G0243300	0.002354491	0.001201423	1.959752014
Brahy.S01G0269100	0.003846271	0.00287768	1.336587249
Brahy.S01G0278400	0.000967287	0.000681733	1.418864905
Brahy.S01G0285600	0.013622757	0.006785823	2.00753221
Brahy.S01G0290200	0.000637402	0.000404259	1.576717204
Brahy.S01G0298400	0.001340663	0.001058861	1.266136629
Brahy.S01G0315800	0.002198708	0.001611924	1.364027067
Brahy.S01G0318000	0.002488315	0.001723818	1.44349057
Brahy.S01G0332500	0.003555809	0.00261406	1.360262835
Brahy.S01G0339500	0.013008455	0.011497267	1.131438867
Brahy.S01G0355800	0.000516814	0.000405103	1.275761349
Brahy.S01G0357600	0.040218195	0.017740769	2.266992757
Brahy.S01G0357800	0.022556804	0.021622153	1.043226544
Brahy.S01G0405100	0.00068627	0.000123987	5.535031526
Brahy.S01G0411500	0.003010363	0.00272009	1.106714736
Brahy.S01G0412400	0.005109299	0.002310151	2.211672868
Brahy.S01G0424100	0.008791752	0.00730475	1.203566454
Brahy.S01G0428100	0.001733989	0.00098953	1.752335784
Brahy.S01G0441100	0.001998546	0.001970967	1.013992568
Brahy.S02G0076900	0.009707509	0.006637281	1.462573023
Brahy.S02G0097600	0.001582151	0.00106285	1.488593177
Brahy.S02G0104200	0.001273155	0.000600471	2.120262874
Brahy.S02G0108400	0.003623934	0.000816605	4.58509979
Brahy.S02G0125100	0.003568827	0.005309892	1.10910958
Brahy.S02G0140000	0.001983997	0.001089191	1.821532812
Brahy.S02G0147700	0.008126437	0.002228713	3.646246728
Brahy.S02G0148100	0.022766533	0.015075168	1.510200898
Brahy.S02G0150400	0.001115835	0.001232724	1.026334508
Brahy.S02G0166400	0.006541461	0.003596943	1.818617025
Brahy.S02G0184400	0.00015854	0.000113328	1.398943965
Brahy.S02G0191400	0.00659939	0.006452255	1.099232149
Brahy.S02G0192700	0.005470559	0.004658268	1.174376167
Brahy.S02G0200700	0.002394557	0.000228934	10.85584519
Brahy.S02G0205800	0.006140169	0.003685816	1.684247091
Brahy.S02G0218200	0.007619737	0.005798576	1.314070473
Brahy.S02G0233800	0.013211229	0.007024312	1.881589797
Brahy.S02G0253800	0.005440654	0.005220987	1.062435928
Brahy.S02G0284300	0.005380918	0.005220387	1.030750793
Brahy.S02G0285500	0.002614047	0.002411358	1.084056193
Brahy.S02G0287300	0.002161966	0.00161979	1.470946256
Brahy.S02G0310700	0.002974665	0.000955138	3.11438327
Brahy.S02G0335000	0.005188523	0.001473373	3.521527876
Brahy.S02G0371800	0.000951394	0.000338379	2.811626103
Brahy.S02G0381500	0.010328892	0.006771222	1.520971676
Brahy.S02G0386400	0.005519461	0.004404878	1.25303379
Brahy.S02G0417900	0.000832654	0.000430056	1.936150381
Brahy.S02G0420300	0.00110742	0.001052816	1.051864808
Brahy.S03G0028000	0.002905808	0.002448511	1.186765435
Brahy.S03G0067000	0.002590147	0.001508184	3.202465701
Brahy.S03G0091900	0.000534031	0.000738196	1.272488514
Brahy.S03G0108000	0.002363001	0.001453087	1.626193706
Brahy.S03G0118300	0.006973908	0.006717734	1.038133967
Brahy.S03G0156800	0.00670541	0.005397515	1.242314251
Brahy.S03G0182600	0.001631863	0.001397149	1.167994914
Brahy.S03G0217500	0.00077678	0.000325051	2.438576204
Brahy.S03G0232300	0.002351126	0.002161709	1.307920799
Brahy.S03G0262700	0.005536743	0.004426958	1.250687973
Brahy.S03G0279200	0.003433583	0.001037813	3.390499247
Brahy.S03G0290400	0.000507095	0.000244556	2.073538923
Brahy.S03G0298000	0.004900368	0.004487163	1.081100802
Brahy.S03G0304000	0.002226706	0.001113674	1.999423066
Brahy.S03G0325200	0.002017729	0.001935915	1.042261153
Brahy.S04G0012700	0.011133628	0.010828255	1.028201447
Brahy.S04G0023000	0.002640881	0.002434394	1.08482055
Brahy.S04G0023200	0.006576576	0.007048261	1.10018384
Brahy.S04G0025300	0.000852319	0.000738968	1.261597037
Brahy.S04G0047300	0.000908833	0.000655259	1.386982004
Brahy.S04G0082100	0.003242193	0.001846659	1.65545081
Brahy.S04G0090800	0.001709376	0.001389564	1.507250101
Brahy.S04G0094200	0.000752397	0.000370497	1.969631025
Brahy.S04G0121200	0.003836889	0.002954452	1.387441495
Brahy.S04G0156000	0.000338999	0.000222129	1.801816577
Brahy.S04G0162200	0.001163663	0.000866327	1.856396702
Brahy.S04G0236900	0.000810938	0.000594276	3.363270723
Brahy.S04G0250000	0.001867409	0.001132396	1.649077789
Brahy.S04G0262000	0.001350809	0.000262053	5.154708017
Brahy.S04G0267800	0.002518785	0.001431252	1.759846941
Brahy.S04G0287000	0.000232097	0.000138909	1.670861389
Brahy.S04G0302100	0.000497545	0.000144381	3.446049418
Brahy.S04G0317400	0.000803	0.000534127	1.503387198
Brahy.S04G0319200	0.007165317	0.005325102	1.345573498
Brahy.S04G0319700	0.000665053	0.000434914	1.52916074
Brahy.S04G0330200	0.000415665	0.000415547	1.000283617
Brahy.S04G0331500	0.002254	0.00132815	1.697097069
Brahy.S04G0347000	0.002296808	0.001587419	1.446882087
Brahy.S04G0355300	0.028523577	0.014955045	1.907287958
Brahy.S04G0359400	0.000274629	0.000211217	1.300217681
Brahy.S05G0001500	0.000319047	0.000276133	1.155411394
Brahy.S05G0027700	0.001103834	0.001202329	1.100570993
Brahy.S05G0034300	0.002938218	0.002066011	1.422169802
Brahy.S05G0042600	0.001350866	0.001280718	1.054771991
Brahy.S05G0048600	0.011664673	0.010288463	1.110084045
Brahy.S05G0062000	0.001774457	0.001206521	1.453832546
Brahy.S05G0069500	0.00234549	0.001557723	1.505716837
Brahy.S05G0133300	0.000357442	0.000232299	1.500416445
Brahy.S05G0156700	0.002084874	0.001578703	1.198482945
Brahy.S05G0163600	0.012777316	0.004441034	3.093445719
Brahy.S05G0190600	0.006996156	0.005331595	1.405764585
Brahy.S05G0218800	0.003771889	0.003393827	1.111397031
Brahy.S05G0253200	0.003631624	0.005760077	1.098606344
Brahy.S05G0258700	0.000585908	0.000826028	1.143922958
Brahy.S05G0268500	0.00180351	0.00115687	1.558956275
Brahy.S05G0269600	0.009611718	0.007384226	1.307569196
Brahy.S05G0282500	0.002511381	0.001741454	1.442117164
Brahy.S05G0300500	0.00201088	0.0009932	2.119085013
Brahy.S05G0321000	0.005544364	0.00160961	3.444538634
Brahy.S05G0322200	0.002409146	0.001465719	1.643661045
Brahy.S05G0325700	7.84E-05	4.58E-05	1.710165389
Brahy.S05G0330400	0.001621074	0.001589727	1.019718503
Brahy.S06G0007300	0.022842707	0.012297879	1.857450957
Brahy.S06G0009800	0.001795272	0.002245125	1.286155493
Brahy.S06G0029900	0.004401463	0.004323855	1.015309701
Brahy.S06G0030800	0.00063347	0.000334009	1.896564138
Brahy.S06G0034400	0.001334335	0.001005328	1.079964899
Brahy.S06G0035500	0.00234487	0.001535128	1.527475482
Brahy.S06G0043600	0.001811887	0.00150758	1.201851757
Brahy.S06G0063000	0.002623408	0.002192438	1.19657155
Brahy.S06G0063700	0.002086952	0.001763464	1.259071255
Brahy.S06G0104000	0.001221614	0.001351711	1.15669921
Brahy.S06G0115500	0.003102401	0.002309042	1.343587702
Brahy.S06G0124500	0.003732504	0.002797327	1.334311184
Brahy.S06G0124800	0.002450768	0.00243452	1.006674089
Brahy.S06G0133300	0.000736326	0.000486623	1.550525572
Brahy.S06G0193100	0.002377038	0.001537611	1.545929368
Brahy.S06G0194700	0.001762641	0.003878555	1.071263428
Brahy.S06G0194800	0.00206554	0.001725423	1.266646814
Brahy.S06G0210900	0.00183457	0.001191828	1.509067525
Brahy.S06G0221200	0.007362702	0.005708464	1.289786926
Brahy.S06G0235300	0.014108606	0.003661749	3.853682097
Brahy.S06G0237400	0.004292956	0.002152364	1.992725667
Brahy.S06G0239600	0.005980507	0.004647598	1.804807899
Brahy.S06G0241000	0.000128266	0.000121066	1.059476032
Brahy.S06G0264300	0.002627067	0.004739679	1.398866554
Brahy.S07G0028600	0.000923716	0.000762549	1.211353052
Brahy.S07G0033000	0.002889304	0.001977913	1.460783724
Brahy.S07G0085400	0.001502762	0.001369574	1.117962869
Brahy.S07G0085900	0.003456135	0.002806078	1.111525838
Brahy.S07G0089100	0.001420819	0.000406354	3.564640739
Brahy.S07G0094600	0.012276764	0.007953123	1.543640691
Brahy.S07G0097200	0.005107058	0.004532279	1.126818825
Brahy.S07G0100900	0.000568184	0.000441965	1.803365093
Brahy.S07G0112100	0.002602342	0.001194575	2.178467179
Brahy.S07G0114600	0.000285688	0.000188396	1.516426072
Brahy.S07G0117000	0.004368634	0.002767393	1.57860975
Brahy.S07G0162000	0.000638298	0.000366454	1.744549299
Brahy.S07G0162500	0.003423398	0.001938102	1.766365871
Brahy.S07G0194300	0.001690292	0.001279964	1.652405349
Brahy.S07G0213200	0.00061413	8.51E-05	7.215264274
Brahy.S07G0213800	0.020299799	0.014403042	1.414591653
Brahy.S07G0220500	0.002652894	0.002427876	1.092681174
Brahy.S07G0229000	0.001823275	0.001180735	1.943558212
Brahy.S07G0235600	0.002105394	0.000889633	2.366456066
Brahy.S07G0251000	0.006693671	0.004961864	1.35701136
Brahy.S07G0264100	0.002068154	0.001259347	1.667358813
Brahy.S07G0270800	0.009681133	0.007034687	1.412111943
Brahy.S07G0271700	0.002862091	0.001551892	1.844258712
Brahy.S07G0272300	0.001045233	0.000707003	1.478399472
Brahy.S08G0005700	0.001336584	0.001000834	1.335470664
Brahy.S08G0009800	0.001464433	0.000858105	1.706588504
Brahy.S08G0013200	0.001245816	0.001023505	1.217204824
Brahy.S08G0020300	0.005839614	0.00515391	1.134375598
Brahy.S08G0022600	0.000815234	0.000758244	1.075159537
Brahy.S08G0029700	0.000939654	0.000955257	1.121131594
Brahy.S08G0083900	0.009159754	0.00748977	1.207582448
Brahy.S08G0096600	0.00094304	0.000938174	1.005186722
Brahy.S08G0154000	0.006588822	0.008746235	1.485074991
Brahy.S08G0158500	0.004078508	0.004653826	1.31625946
Brahy.S08G0189800	0.002064087	0.001812005	1.139117769
Brahy.S08G0204700	0.000695508	0.00062516	1.112528724
Brahy.S08G0229900	0.003962449	0.003484738	1.137086498
Brahy.S08G0239700	0.000438123	0.000419955	1.167784035
Brahy.S08G0243000	0.002736192	0.002672172	1.893137362
Brahy.S08G0259700	0.002096857	0.002064798	1.038272491
Brahy.S09G0033800	0.000203048	0.000140129	1.449010026
Brahy.S09G0083800	0.006415432	0.005304364	1.209463114
Brahy.S09G0104200	0.001189691	0.001002199	1.187081334
Brahy.S09G0145600	0.000537482	0.00071788	1.156146521
Brahy.S09G0151500	0.001781671	7.53E-05	23.663202
Brahy.S09G0157500	0.002101399	0.00110968	1.893698153
Brahy.S09G0179500	0.005240179	0.0032313	1.62169389
Brahy.S09G0198700	0.001399421	0.000510786	2.7397424
Brahy.S09G0231400	0.004225052	0.002289255	2.596126892
Brahy.S09G0259600	0.009706532	0.004537459	2.139199627
Brahy.S09G0263100	0.00048818	0.000211849	2.304375852
Brahy.S09G0268500	0.002207889	0.001753301	1.174290361
Brahy.S09G0273200	0.000262923	9.34E-05	2.727645811
Brahy.S09G0290700	0.018305036	0.014240093	1.297822962
Brahy.S10G0000700	0.002169997	0.002698446	1.423750382
Brahy.S10G0001300	0.001346607	0.001620572	1.221260861
Brahy.S10G0004000	0.001667632	0.001125476	1.414394912
Brahy.S10G0019800	0.01018629	0.007003869	1.455465859
Brahy.S10G0021000	0.000907536	0.000579363	1.39331184
Brahy.S10G0023100	0.001786664	0.001636441	1.091798646
Brahy.S10G0040900	0.00189287	0.001688217	1.102039057
Brahy.S10G0054800	0.002466627	0.001775497	1.412210235
Brahy.S10G0056200	0.004864551	0.004586359	1.060656452
Brahy.S10G0056300	0.000183519	0.000200628	1.245297474
Brahy.S10G0114800	0.001122528	0.001066944	1.052096463
Brahy.S10G0123400	0.004006642	0.002179334	1.838470729
Brahy.S10G0183500	0.004704044	0.006156253	1.281616667
Brahy.S10G0183600	0.002007019	0.000951381	2.109585476
Brahy.S10G0192500	0.001383192	0.001247188	1.351460112
Brahy.S10G0202200	0.000905393	0.000273852	3.306146946
Brahy.S10G0203100	0.001742083	0.000916515	2.18159214
Brahy.S10G0208500	0.001511638	0.001080513	1.499133969
Brast01G023900	0.001532168	0.000899988	1.702432239
Brast01G025400	0.004176246	0.002728415	1.530649267
Brast01G027100	0.002607567	0.001467746	1.77657936
Brast01G027500	0.003055779	0.001449515	2.10813918
Brast01G045800	0.002928208	0.0022507	1.301021224
Brast01G060600	0.004020392	0.002016918	1.993334193
Brast01G067400	0.004377965	0.001257931	3.480289985
Brast01G072300	0.001586442	0.000663986	2.389271576
Brast01G077700	0.000185546	0.000144211	1.286622528
Brast01G081400	0.002065153	0.001004686	2.055520449
Brast01G091300	0.005261366	0.002686502	1.949505573
Brast01G105500	0.0031674	0.00077174	4.104230372
Brast01G109400	0.003142169	0.00245191	1.281518893
Brast01G127200	0.002507282	0.002268597	1.105212609
Brast01G135600	0.001215949	0.0009011	1.34940577
Brast01G137000	0.001846103	0.000815164	2.264701871
Brast01G148500	0.003102394	0.002229279	1.391657842
Brast01G153500	0.002320993	0.002159175	1.388373575
Brast01G156000	0.002129432	0.001377262	1.546134477
Brast01G161700	0.00101329	0.000606645	3.780457704
Brast01G172100	0.002959109	0.003691615	1.258688894
Brast01G176900	0.001036719	0.000958291	1.081841726
Brast01G182700	0.011739532	0.004879358	2.405958283
Brast01G188600	0.001199646	0.000641794	1.869207367
Brast01G188900	0.004357791	0.002515808	1.732163155
Brast01G203100	0.000187225	0.000177051	1.057463556
Brast01G209100	0.00181282	0.00057431	5.234425426
Brast01G209300	0.001695152	0.000308828	5.488977201
Brast01G212100	0.001427173	0.001265111	1.66535141
Brast01G214600	0.002099936	0.000761994	2.755841471
Brast01G216300	0.000446112	0.000263654	1.692034461
Brast01G235400	0.003115178	0.001937829	1.60756107
Brast01G266200	0.001749128	0.001677088	1.042955755
Brast01G271300	0.001678072	0.000609339	1.62326634
Brast01G278200	0.003109315	0.002811703	1.301350063
Brast01G297700	0.002084902	0.001274607	1.678562388
Brast01G304200	0.004949082	0.001577273	6.334979249
Brast01G327400	0.002029371	0.001965273	1.032615193
Brast01G336100	0.018079435	0.013906179	1.300100838
Brast01G346800	0.001177854	0.000272628	2.78638872
Brast01G349900	0.006448355	0.002651514	2.431951806
Brast01G357400	0.000263996	0.000115194	2.291751265
Brast01G365500	0.001529894	0.001402921	1.090505956
Brast01G403900	1.59E-05	6.19E-06	2.561255643
Brast02G000200	0.00341801	0.001138669	3.001760231
Brast02G017600	0.001928805	0.00161636	1.193301139
Brast02G036800	0.000572871	0.000202549	2.828305865
Brast02G037500	0.002709795	0.0024155	1.085441331
Brast02G040900	0.000549386	0.000246612	2.227736357
Brast02G044300	0.003081796	0.00545219	1.009732687
Brast02G068300	0.005956174	0.003017955	1.973579398
Brast02G069600	0.000918107	0.000555368	1.653149701
Brast02G072400	0.002050918	0.003353051	1.050515147
Brast02G077500	0.000363509	0.000335946	1.082044824
Brast02G086200	0.004099553	0.001719252	2.384498518
Brast02G110200	0.002346778	0.001122665	2.090364036
Brast02G113800	0.00270677	0.001866394	1.448445804
Brast02G114900	0.002996296	0.002946845	1.016780764
Brast02G118700	0.000278641	0.000129419	2.153023685
Brast02G125200	0.003536426	0.003169827	1.115652508
Brast02G128300	0.001981237	0.001819868	1.088670892
Brast02G129300	0.002697789	0.002860239	1.125715721
Brast02G132100	0.001026521	0.000995928	1.177658768
Brast02G137500	0.00015593	0.000152185	1.024605251
Brast02G153700	0.001325985	0.000503158	2.635325385
Brast02G154000	0.00058196	0.000580814	1.001973595
Brast02G156700	0.003135239	0.001525292	2.055500569
Brast02G165200	0.005423626	0.00481753	1.145489237
Brast02G194500	0.003909941	0.002758058	1.417642877
Brast02G196200	0.00311826	0.00249017	1.252227898
Brast02G202900	0.002525554	0.00287576	1.352804325
Brast02G209300	0.00541056	0.001559777	3.468802532
Brast02G223600	0.001592289	0.000946705	1.681928274
Brast02G225300	0.001877988	0.00112978	1.920574951
Brast02G232400	0.010759652	0.007726172	1.392623987
Brast02G252800	0.001715804	0.000379892	4.164986489
Brast02G253000	0.002964097	0.002291947	1.2932664
Brast02G254600	0.005813007	0.005614552	1.035346654
Brast02G254700	0.001260399	0.000716014	1.760300331
Brast02G262000	7.07E-05	5.12E-05	1.379151614
Brast02G263400	0.005289948	0.005161149	1.024955618
Brast02G267100	0.000761567	0.000385509	1.975481275
Brast02G270100	0.004314081	0.003402277	1.267998164
Brast02G278900	0.001412683	0.000620087	2.278203204
Brast02G286300	0.005425261	0.001544002	3.513765844
Brast02G287800	0.001006149	0.000837021	1.202060358
Brast02G288300	0.002085703	0.002201346	1.127635469
Brast02G289700	0.001010896	0.000388281	2.603517041
Brast02G292200	0.00184167	0.000578735	3.182232885
Brast02G307800	0.00104537	0.000428219	3.071532629
Brast02G318100	0.006105795	0.006089977	1.172871761
Brast02G318800	0.007644041	0.002836917	2.694489085
Brast02G321100	0.001183612	0.000779959	1.517530876
Brast02G323600	0.000887264	0.00069102	1.221165274
Brast02G330000	0.005326789	0.004226876	1.286348288
Brast02G334400	1.87E-05	1.13E-05	1.648607991
Brast02G356900	0.000344661	0.000231545	1.488528792
Brast02G387800	0.002810713	0.002555776	1.141649399
Brast03G005500	0.000262787	0.000151037	1.739886756
Brast03G026500	0.00147449	0.000345373	4.269267187
Brast03G035200	0.000125199	0.000112113	1.116722217
Brast03G037500	0.000644598	0.000314793	2.04768926
Brast03G054200	0.000999255	0.000690658	1.446815798
Brast03G095000	0.005171059	0.00381182	1.35658538
Brast03G096000	0.000936148	0.000224195	6.754627901
Brast03G098000	0.003572699	0.002787712	1.281588233
Brast03G110700	0.002685261	0.001395601	1.652876064
Brast03G132300	0.00064096	0.000477137	1.343346165
Brast03G139200	0.002337168	0.002707629	1.17913964
Brast03G141100	0.000723657	0.000687566	1.258783057
Brast03G144100	0.000943941	0.000277476	3.401884777
Brast03G145400	0.002380783	0.00195729	1.216367117
Brast03G156800	0.003318337	0.003132012	1.068225504
Brast03G164300	0.00597254	0.003398136	3.088007219
Brast03G164600	0.004696116	0.001322089	3.552041449
Brast03G170200	0.002322212	0.001870661	1.923639396
Brast03G174100	0.002071146	0.001291074	1.604203595
Brast03G179900	0.006197379	0.002676187	2.315749241
Brast03G186700	0.00088501	0.000270831	3.26775155
Brast03G194400	0.004147605	0.001480308	2.801852906
Brast03G198700	0.003266137	0.002196067	1.487266486
Brast03G200400	0.000853247	0.000252013	7.021674264
Brast03G208300	0.000997439	0.000605745	1.646631342
Brast03G209400	0.004167581	0.003185296	1.308381105
Brast03G209600	0.000545469	0.000620135	1.905132076
Brast03G210400	0.011255585	0.003714623	3.030075084
Brast03G239700	0.000609665	0.000439478	1.387246591
Brast03G240400	0.00316655	0.004606643	1.00632822
Brast03G251700	0.000709891	0.000370713	1.914932192
Brast03G263500	0.001287035	0.00053687	2.397295718
Brast03G264300	0.000376982	0.000264696	1.542047068
Brast03G270000	0.001118772	0.000806169	1.387762941
Brast03G273600	0.007221517	0.006896092	1.047189813
Brast03G274300	0.00084476	0.000172203	4.905613542
Brast04G015100	0.000217524	0.000198422	1.096271134
Brast04G022200	0.000444794	0.00033547	1.325882166
Brast04G023600	0.001339609	0.00058143	2.303988852
Brast04G026000	0.000652552	0.000453735	1.438179343
Brast04G027000	0.000426755	0.000394998	1.054632726
Brast04G033900	0.004307274	0.001231275	3.498223029
Brast04G039400	0.001369488	0.000976554	1.402368581
Brast04G039800	0.003813402	0.003644496	1.046345656
Brast04G042200	0.000360876	0.000426727	2.065015398
Brast04G045400	0.000422576	0.000103464	4.084304601
Brast04G047300	0.004263801	0.002597496	1.641504633
Brast04G052900	0.000678305	0.000130192	5.210028709
Brast04G080000	0.001050626	0.000947054	1.109362475
Brast04G095600	0.000982675	0.000839235	1.170916859
Brast04G101500	0.001552186	0.000760503	2.040999548
Brast04G108800	0.00530638	0.00240554	2.205899276
Brast04G116600	0.011113141	0.010450802	1.063376814
Brast04G130300	0.002820798	0.001402786	1.317051075
Brast04G134500	0.001061062	0.000648842	1.552740282
Brast04G145500	0.00403663	0.001955668	2.064067549
Brast04G145700	0.003575231	0.003130619	1.235798815
Brast04G146200	0.005551262	0.004856975	1.136742507
Brast04G146900	0.001305677	0.000797405	1.637408048
Brast04G148000	0.001066955	0.000726614	1.468393856
Brast04G151100	0.003330942	0.001763825	1.888476945
Brast04G157500	0.000394345	0.000331677	1.338129308
Brast04G162400	0.001628001	0.00154147	1.090922379
Brast04G173200	0.001923063	0.00066507	2.891518329
Brast04G179400	0.001886012	0.001833616	1.028575155
Brast04G189900	0.003104425	0.002107615	1.472956494
Brast04G216900	0.001567965	0.001024542	1.53040521
Brast04G226400	0.000552634	0.000234094	2.360736788
Brast04G240700	0.001214129	0.00100916	1.203108543
Brast04G246000	0.000693182	0.000371214	1.867340811
Brast04G250200	0.00194783	0.00154153	1.274018276
Brast04G258400	9.45E-05	5.26E-05	1.796562971
Brast04G267500	0.000223599	0.000221595	1.009044587
Brast04G283000	0.003465881	0.00146866	2.359892531
Brast04G284500	0.00111297	0.001028789	1.081825949
Brast04G294500	0.000709286	0.000643557	1.10213443
Brast04G297800	0.001034414	0.000604307	1.290747228
Brast04G301500	0.001349943	0.000592331	2.279033113
Brast04G302700	0.001387716	0.00045753	3.033063346
Brast04G306400	0.001715859	0.000809916	2.118563889
Brast04G326500	8.73E-05	0.000132446	1.698752008
Brast04G330600	0.001830879	0.001240574	1.475832285
Brast04G343600	0.006673299	0.00916031	1.156156866
Brast05G008900	0.003199124	0.00236268	1.098918509
Brast05G010600	0.001439475	0.002402703	2.285983953
Brast05G019500	0.000307363	0.000217453	1.034210906
Brast05G019600	0.000485743	0.000236614	2.052891561
Brast05G020300	0.000949645	0.000703881	1.115302741
Brast05G031700	0.001325351	0.000322035	4.115549856
Brast05G049800	0.002105304	0.000771116	2.730204719
Brast05G053800	0.001997872	0.001343299	1.487287254
Brast05G065600	0.000888008	0.000671181	1.323052574
Brast05G069700	0.001310292	0.000467787	2.801044359
Brast05G096700	0.001647794	0.001405149	1.172682579
Brast05G101200	0.000224348	0.000340388	1.855586051
Brast05G104200	0.002931202	0.002333516	2.613771084
Brast05G104900	0.001068045	0.000833791	1.280951366
Brast05G106900	0.000541359	0.000253662	8.120133562
Brast05G114400	0.002165489	0.001082795	1.999907916
Brast05G132800	1.88E-05	1.74E-05	1.079908988
Brast05G133400	0.00075314	0.000339423	2.584716021
Brast05G143300	0.000903508	0.000626188	2.137372727
Brast05G147300	0.008578554	0.006399281	1.340549547
Brast05G155800	0.007153727	0.00975028	1.369745292
Brast05G160800	0.003031316	0.001024803	2.957950689
Brast05G163200	0.000606654	0.000213739	2.357871062
Brast05G172500	0.002115553	0.001211562	1.746136949
Brast05G183300	0.00409745	0.003635192	1.127162032
Brast05G204900	0.005951339	0.003604633	1.651025076
Brast05G206900	0.00065367	0.000383461	1.704656007
Brast05G209100	0.00053946	0.000464439	1.161531527
Brast05G218900	0.001133744	0.000748173	1.524978334
Brast05G221800	0.000862123	0.000654349	1.317528509
Brast05G223500	0.00048018	0.000115838	4.145259333
Brast05G225900	0.000970363	0.000413823	2.344874639
Brast05G233400	0.002570208	0.00212515	1.209424308
Brast05G234200	0.011950673	0.007452802	1.6035141
Brast05G259100	0.002048368	0.001405833	1.556015766
Brast05G263200	0.001787751	0.001778584	1.005153996
Brast05G269400	0.002232276	0.001130934	1.973833731
Brast05G269900	0.001389732	0.001265283	1.098356452
Brast05G275200	0.010989022	0.009052177	1.213964588
Brast05G277600	0.002860398	0.002576166	1.110331486
Brast05G281800	0.003617825	0.003056977	1.183464842
Brast05G290100	0.001598829	0.001311613	1.218979136
Brast06G012800	0.003834772	0.00200016	1.917232347
Brast06G017600	0.00815548	0.007605983	2.018352263
Brast06G018900	0.000179387	1.75E-05	10.25797397
Brast06G020600	0.001217367	0.001081296	1.125840462
Brast06G023100	0.000162398	0.000141558	1.147214536
Brast06G025600	0.002941648	0.000906549	3.244884085
Brast06G025800	0.002034759	0.001616476	1.308060183
Brast06G043800	0.003246161	0.002328386	1.394167823
Brast06G052100	0.001014495	0.00085417	1.24407915
Brast06G053000	0.003104724	0.001647606	1.884385419
Brast06G055600	0.001171198	0.001357144	1.118868159
Brast06G067900	0.000726682	0.000496165	1.464598172
Brast06G073000	0.004045991	0.004517024	1.519571093
Brast06G076500	0.001484388	0.00134492	1.103699909
Brast06G087000	0.000328951	3.25E-05	10.1357799
Brast06G090700	0.000251352	0.000147968	1.362171889
Brast06G105000	0.002442177	0.000578939	4.21836484
Brast06G105500	0.001859009	0.001463946	1.269861311
Brast06G105600	0.002675745	0.002439491	1.096845588
Brast06G108400	0.004214523	0.003869991	1.089026501
Brast06G183800	0.001570133	0.000554947	2.829337955
Brast06G193800	0.000766602	0.000321224	2.386505327
Brast06G198200	0.003697067	0.003252569	1.050386214
Brast06G198500	0.005703896	0.003666878	1.55551838
Brast06G216100	0.002821719	0.000944755	2.986718905
Brast06G233800	0.001516012	0.000720074	2.105354825
Brast06G235600	0.001036114	0.000272623	3.80053805
Brast06G236300	0.000461966	7.57E-05	6.104519871
Brast06G237600	0.000918317	0.000702489	1.307233301
Brast06G242400	0.001074817	0.000679032	1.582867017
Brast07G022900	0.001756919	0.000802741	2.188648967
Brast07G026200	0.000617524	0.000574526	1.074840675
Brast07G035200	0.003547575	0.002413695	1.469769554
Brast07G047700	0.000673165	0.000193506	3.478777695
Brast07G058600	0.002144688	0.000481317	4.455876774
Brast07G061000	0.000250756	8.17E-05	2.7469054
Brast07G076200	0.002970132	0.002963812	1.002132417
Brast07G084100	0.000373411	0.000231379	1.613850983
Brast07G109700	0.001394169	0.000943778	1.477221625
Brast07G111900	0.000355082	0.000257459	1.605065042
Brast07G115300	0.000972294	0.001875815	1.504887974
Brast07G116000	0.002152595	0.003102197	1.391750732
Brast07G130400	0.003017615	0.000437279	6.900887898
Brast07G148900	0.001328844	0.000796775	1.667777584
Brast07G149600	0.000500208	0.000188814	2.649213866
Brast07G153000	0.000680995	0.000560272	1.215472082
Brast07G162000	0.001052823	0.000975385	1.079392328
Brast07G164100	0.00351589	0.002114921	1.582472299
Brast07G175700	0.001915518	0.001048319	1.82722781
Brast07G178700	0.003935552	0.002849981	1.380904415
Brast07G184300	0.000279559	0.000100108	2.792581656
Brast07G191700	0.000124697	8.89E-05	1.403128829
Brast07G192900	0.000429201	0.000427588	1.003774033
Brast07G195100	0.004372694	0.003947417	1.107735457
Brast07G195200	0.00119445	0.001068662	1.117707034
Brast07G197300	0.002030749	0.000990473	2.507995132
Brast07G205000	0.000488694	0.001070184	2.157729852
Brast07G237300	0.000774044	0.000318698	2.428768736
Brast07G240000	0.001964246	0.00088138	1.580529603
Brast08G013300	0.011162463	0.006171162	1.808810624
Brast08G020500	0.000166577	0.00015063	1.105869404
Brast08G036100	0.001398842	0.001046062	1.337245542
Brast08G039400	0.000279187	0.000153166	1.822768612
Brast08G039900	0.001085249	0.000271743	3.993666915
Brast08G044400	0.001647309	0.001066657	1.544365919
Brast08G044500	0.001140495	0.000242649	4.700177894
Brast08G047600	0.001402257	0.001369646	1.023809492
Brast08G050700	0.001441026	0.001440685	1.000236543
Brast08G053900	0.001181434	0.000532761	2.217568632
Brast08G055300	0.000773949	0.000709896	1.153541195
Brast08G061800	0.004820299	0.004081039	1.181145239
Brast08G087800	0.000413943	0.000179555	2.305381688
Brast08G089400	0.00537456	0.002521084	2.131845092
Brast08G099700	0.002376583	0.001927913	1.232723089
Brast08G104000	0.003484041	0.00161598	2.155991997
Brast08G105300	0.000769186	0.0005892	1.305476347
Brast08G114900	0.010411816	0.001243647	8.372004471
Brast08G174400	0.001206241	0.002266863	2.361309769
Brast08G175400	0.001766496	0.001404203	1.258006344
Brast08G183900	0.0010524	0.000950066	1.107712141
Brast08G188500	0.002634001	0.001965837	1.209840655
Brast08G199000	0.00129628	0.000940979	1.386187194
Brast08G206900	0.004056859	0.002990113	1.356757678
Brast08G214800	0.000314185	0.000142653	2.202438767
Brast08G217500	0.000611273	0.000153795	3.974585827
Brast08G231700	0.001463908	0.000638259	2.293596702
Brast08G231900	0.012319623	0.010939305	1.12617966
Brast08G232500	0.003382423	0.003272569	1.033568395
Brast08G244600	0.000375921	0.000431079	2.754820776
Brast09G006300	0.000507343	0.000155366	3.265465291
Brast09G013400	0.000521631	9.66E-05	5.400844679
Brast09G026900	0.001031605	0.002529074	1.163673085
Brast09G027000	0.001579066	0.001261753	1.152760466
Brast09G028200	0.000617393	0.000537208	1.137521543
Brast09G028900	0.000468104	0.000211329	2.215055227
Brast09G062000	0.002563134	0.001849974	1.385497492
Brast09G067000	0.008669806	0.00512428	1.691907315
Brast09G067300	0.001857979	0.000824339	2.253901095
Brast09G072100	0.002636143	0.002043338	1.290116109
Brast09G076800	0.001756688	0.000875421	2.006678397
Brast09G078100	9.49E-05	7.54E-05	1.258791609
Brast09G089800	0.000584625	0.000268863	2.174436463
Brast09G106900	0.003998708	0.003155098	1.267380058
Brast09G108300	0.00160868	0.001487925	1.081156206
Brast09G112800	0.007427744	0.005891641	1.136415003
Brast09G113500	0.000507776	9.63E-05	5.270247489
Brast09G114200	0.001576321	0.001004257	1.569639477
Brast09G115700	0.001372506	0.000686411	3.860231408
Brast09G125200	0.003576853	0.002831152	1.263391387
Brast09G126300	0.002208823	0.001438702	1.535289556
Brast09G129200	0.001266587	0.000337131	3.756955258
Brast09G131300	0.000764402	0.000171325	4.461704519
Brast09G142300	0.000842523	0.000240021	3.51020216
Brast09G145600	0.005605459	0.004315858	1.298805209
Brast09G147900	0.003092931	0.003195513	1.102735397
Brast09G148800	0.000552778	0.000529458	1.044044935
Brast09G153200	0.001951856	0.001800226	1.084228482
Brast09G157100	0.001670092	0.001153721	1.447570539
Brast09G159500	0.002962723	0.002302002	1.287020114
Brast09G170000	0.000326145	0.00017282	1.887199288
Brast09G170600	0.009989683	0.006678779	1.495734931
Brast09G171500	0.001046332	0.000653413	1.601331519
Brast09G173000	0.00066928	0.000665892	1.005088086
Brast09G179200	9.60E-05	8.56E-05	1.121712694
Brast09G182800	0.002564924	0.00190397	1.347144654
Brast09G184400	0.000941886	0.000910832	1.034094591
Brast09G187500	0.008607708	0.010289066	1.14383296
Brast09G191900	0.000772149	0.000392473	1.76420298
Brast09G194600	0.002242148	0.001950503	1.149522988
Brast09G203200	0.001877076	0.000676213	2.775865762
Brast09G204900	0.002068885	0.001085021	1.906769206
Brast09G218800	0.00187409	0.002128957	1.126031235
Brast09G220900	0.000996919	0.00019416	5.134524015
Brast09G221500	0.009955928	0.009658699	1.030773162
Brast09G224600	0.000762133	0.000644309	1.182870007
Brast09G227700	0.001027797	0.000856539	1.199942205
Brast09G228900	0.00058282	0.000924167	2.05100346
Brast09G229800	3.80E-05	3.54E-05	1.073508874
Brast09G230900	0.000851626	0.000364299	2.337710911
Brast09G231300	0.000351031	0.000220812	1.589728452
Brast09G237600	0.005038918	0.00489649	1.029087808
Brast09G241900	0.001428213	0.001124813	1.752654931
Brast09G246500	0.000734092	0.000631669	1.162146994
Brast09G248700	0.000461055	0.000392898	1.173473294
Brast09G269600	0.000272275	0.000289005	1.042682929
Brast10G000500	0.00050705	0.000445575	1.137968246
Brast10G001400	0.000697327	0.00057849	1.205426713
Brast10G009600	0.001132959	0.001076931	1.052025161
Brast10G013000	0.005707303	0.004323744	1.319990982
Brast10G015400	0.000982025	0.000399904	2.455650841
Brast10G017000	0.005143326	0.004146863	1.198461068
Brast10G019300	0.000894365	0.000774574	1.15465473
Brast10G023800	0.000331157	0.000545062	1.242001361
Brast10G038500	0.000504764	0.000317988	1.587370631
Brast10G038900	0.000649503	0.0004862	1.393973129
Brast10G040700	0.00269147	0.002144687	1.254948003
Brast10G043300	0.001174418	0.000670073	1.752671933
Brast10G054400	0.000235325	0.000169143	1.391276901
Brast10G054900	0.000263454	0.000253882	1.037702598
Brast10G059300	0.000843851	0.000750565	1.082011593
Brast10G060700	0.001218277	0.001081231	1.126749778
Brast10G062700	0.002560304	0.000232799	10.99793612
Brast10G071000	0.000822399	0.0004151	1.259745663
Brast10G073800	0.001346544	0.000775844	1.735585992
Brast10G078000	0.001873138	0.001349068	1.388468242
Brast10G089000	0.001473271	0.001220543	1.207061928
Brast10G094000	0.00240593	0.001235605	1.971354483
Brast10G099800	0.000797129	0.00118584	1.504165065
Brast10G112400	0.000228567	0.000406444	1.027289209
Brast10G122200	0.000613343	0.000442792	1.382716393
Brast10G136100	0.000496808	0.000327517	1.516891472
Brast10G148100	0.000457352	0.000183312	2.494934486
Brast10G155200	0.001012596	0.000451274	1.663849122
Brast10G156800	0.000273207	0.000143859	3.024304844
Brast10G171800	0.003482914	0.004569949	1.248614552
Brast10G175200	0.001544448	0.001044044	1.479293745
Brast10G188300	0.001312623	0.001119121	1.193681644