file	product	N_diffs	S_diffs	N_diffs_vs_ref	S_diffs_vs_ref	N_sites	S_sites	piN	piS	mean_dN_vs_ref	mean_dS_vs_ref	mean_gdiv_polymorphic	mean_N_gdiv	mean_S_gdiv
temp_vcf4_SM_AS17.vcf	Brahy.D02G0000900.v1.1	0	0	2	2	404	130	0	0	0.00495049504950495	0.0153846153846154	0	*	*
temp_vcf4_SM_AS17.vcf	Brahy.D02G0004400.v1.1	1.01995194251137	0.470231729055259	11.6326007326007	11.9204656862745	2070.96200396826	647.037996031747	0.000492501523715544	0.000726745155522809	0.00561700345554916	0.0184231308816208	0.05272714058581	0.243049682998816	0.225717031910803
temp_vcf4_SM_AS17.vcf	Brahy.D02G0005900.v1.1	0	0	13	6	1985.16666666667	615.833333333333	0	0	0.00654856855007973	0.00974289580514209	0	*	*
temp_vcf4_SM_AS17.vcf	Brahy.D02G0007200.v1.1	0	0	6	5	842.333333333332	267.666666666667	0	0	0.0071230708349822	0.0186799501867995	0	*	*
temp_vcf4_SM_AS17.vcf	Brahy.D02G0009500.v1.1	0	0	5	1	988.666666666665	337.333333333333	0	0	0.0050573162508429	0.00296442687747036	0	*	*
temp_vcf4_SM_AS17.vcf	Brahy.D02G0009900.v1.1	6.49791782733768	1.1613853486015	3.82162865202004	4.00385210994967	3344.81439935118	974.465600648802	0.00194268412280159	0.00119181769764704	0.00114255327672631	0.00410876700756178	0.321933404733574	0.369426241255204	0.374740735844576
temp_vcf4_SM_AS17.vcf	Brahy.D02G0010300.v1.1	0	0	0	0	1513.5	529.499999999999	0	0	0	0	0	*	*
temp_vcf4_SM_AS17.vcf	Brahy.D02G0012000.v1.1	0	0	2	5	385.166666666667	127.833333333333	0	0	0.00519255733448723	0.0391134289439375	0	*	*
temp_vcf4_SM_AS17.vcf	Brahy.D02G0013800.v1.1	2.02258064516129	1.01129032258064	22.7053571428571	9.27707373271889	4990.06242882085	1369.94631753482	0.000405321711704361	0.000738197044392537	0.00455011484660371	0.0067718520163715	-3.99407023800675	0.4921875	0.4921875
temp_vcf4_SM_AS17.vcf	Brahy.D02G0014500.v1.1	0	0	6	14	2914.66666666666	832.333333333336	0	0	0.00205855443732846	0.0168201842210652	-3	*	*
temp_vcf4_SM_AS17.vcf	Brahy.D02G0016000.v1.1	0	0	7	5	1532.16666666667	474.833333333332	0	0	0.00456869357119547	0.0105300105300106	0	*	*
temp_vcf4_SM_AS17.vcf	Brahy.D02G0017400.v1.1	0	0	5	6	1199.5	396.499999999999	0	0	0.00416840350145894	0.0151324085750316	0	*	*
temp_vcf4_SM_AS17.vcf	Brahy.D02G0017600.v1.1	0	0	4	1	1247.5	351.5	0	0	0.00320641282565131	0.00284495021337127	0	*	*
temp_vcf4_SM_AS17.vcf	Brahy.D02G0018100.v1.1	0	0	4	3	2145.00000000001	663.000000000001	0	0	0.00186480186480186	0.00452488687782805	0	*	*
temp_vcf4_SM_AS17.vcf	Brahy.D02G0019200.v1.1	0	0	0	0	2125	653	0	0	0	0	*	*	*
temp_vcf4_SM_AS17.vcf	Brahy.D02G0024500.v1.1	0	0	0	1	504.5	191.5	0	0	0	0.0052219321148825	0	*	*
temp_vcf4_SM_AS17.vcf	Brahy.D02G0025200.v1.1	0	0	0	0	295	113	0	0	0	0	*	*	*
temp_vcf4_SM_AS17.vcf	Brahy.D02G0028800.v1.1	0	0	0	4	433.166666666667	133.833333333333	0	0	0	0.0298879202988792	0	*	*
temp_vcf4_SM_AS17.vcf	Brahy.D02G0032500.v1.1	0	0	1	3	978.999999999998	347	0	0	0.00102145045965271	0.00864553314121038	0	*	*
temp_vcf4_SM_AS17.vcf	Brahy.D02G0037800.v1.1	0	0	31	69	2527.16666666667	802.833333333336	0	0	0.0122667018400053	0.0859456093003941	-2.88461538461538	*	*
temp_vcf4_SM_AS17.vcf	Brahy.D02G0038500.v1.1	0	0	0	18	4099.33333333329	1420.66666666666	0	0	0	0.0126701079305491	-8	*	*
temp_vcf4_SM_AS17.vcf	Brahy.D02G0040000.v1.1	0	0	1	2	627.333333333333	188.666666666667	0	0	0.00159404888416578	0.0106007067137809	0	*	*
temp_vcf4_SM_AS17.vcf	Brahy.D02G0040600.v1.1	0	0	0	4	885.666666666665	308.333333333333	0	0	0	0.012972972972973	-3	*	*
temp_vcf4_SM_AS17.vcf	Brahy.D02G0044100.v1.1	0	0	9	15	1372	448.999999999999	0	0	0.00655976676384839	0.0334075723830736	0	*	*
temp_vcf4_SM_AS17.vcf	Brahy.D02G0044200.v1.1	0	0.239080459770115	2.86666666666667	0	576.833333333333	182.166666666667	0	0.00131242704356879	0.00496966194741404	0	0.077037037037037	*	0.231111111111111
temp_vcf4_SM_AS17.vcf	Brahy.D02G0048100.v1.1	0	0	0	1	742.333333333333	247.666666666667	0	0	0	0.00403768506056527	0	*	*
temp_vcf4_SM_AS17.vcf	Brahy.D02G0049800.v1.1	0	0	516	648	49323.9999999982	15956.0000000007	0	0	0.0104614386505559	0.0406116821258442	-47.2325581395349	*	*
temp_vcf4_SM_AS17.vcf	Brahy.D02G0050500.v1.1	0	0	0	0	1214.33333333333	417.666666666666	0	0	0	0	*	*	*
temp_vcf4_SM_AS17.vcf	Brahy.D02G0051900.v1.1	0	0	2	0	456.833333333334	146.166666666667	0	0	0.00437796424662532	0	0	*	*
temp_vcf4_SM_AS17.vcf	Brahy.D02G0055300.v1.1	0.688854489164087	0.803921568627451	6.96666666666667	4.75	930.055555555555	314.944444444445	0.000740659506896456	0.00255258215475289	0.00749059195985903	0.0150820250485094	0.101230158730159	0.326388888888889	0.382222222222222
temp_vcf4_SM_AS17.vcf	Brahy.D02G0057300.v1.1	0	0	0	0	2893	842.000000000002	0	0	0	0	*	*	*
temp_vcf4_SM_AS17.vcf	Brahy.D02G0057900.v1.1	0	0	2	0	758.499999999999	264.5	0	0	0.00263678312458801	0	0	*	*
temp_vcf4_SM_AS17.vcf	Brahy.D02G0058200.v1.1	0	0	11	8	622	206	0	0	0.0176848874598071	0.0388349514563106	0	*	*
temp_vcf4_SM_AS17.vcf	Brahy.D02G0059300.v1.1	0	0	17.0833333333333	12.9166666666667	1754.5	591.499999999999	0	0	0.00973686710363824	0.0218371372217526	0	*	*
temp_vcf4_SM_AS17.vcf	Brahy.D02G0060700.v1.1	0	0	2	3	445.5	142.5	0	0	0.00448933782267115	0.0210526315789474	0	*	*
temp_vcf4_SM_AS17.vcf	Brahy.D02G0061500.v1.1	0	0	4	2	1874.33333333334	558.666666666665	0	0	0.00213409212164324	0.00357995226730311	0	*	*
temp_vcf4_SM_AS17.vcf	Brahy.D02G0061700.v1.1	0	0	2	3	560.666666666667	201.333333333334	0	0	0.00356718192627824	0.0149006622516556	0	*	*
temp_vcf4_SM_AS17.vcf	Brahy.D02G0062700.v1.1	0	0	5	2	423.333333333334	134.666666666667	0	0	0.0118110236220472	0.0148514851485149	0	*	*
temp_vcf4_SM_AS17.vcf	Brahy.D02G0062800.v1.1	0	0	5	6	381.666666666667	140.333333333333	0	0	0.0131004366812227	0.0427553444180523	0	*	*
temp_vcf4_SM_AS17.vcf	Brahy.D02G0064100.v1.1	0	0	7	18	1743.66666666667	524.333333333332	0	0	0.00401452877078951	0.0343293070565799	-2.76923076923077	*	*
temp_vcf4_SM_AS17.vcf	Brahy.D02G0064200.v1.1	0	0	57.8260869565217	70.8260869565217	3207.51858853181	921.439823566482	0	0	0.0180282936358572	0.0768645820867451	-2.9349095731174	*	*
temp_vcf4_SM_AS17.vcf	Brahy.D02G0067700.v1.1	0	0	0	1	428.333333333334	144.666666666667	0	0	0	0.00691244239631337	0	*	*
temp_vcf4_SM_AS17.vcf	Brahy.D02G0068200.v1.1	0	0	6	2	1355.83333333334	417.166666666665	0	0	0.00442532267977872	0.00479424690371556	0	*	*
temp_vcf4_SM_AS17.vcf	Brahy.D02G0069700.v1.1	0	0.626780626780627	24.8148148148148	32.7314814814815	1958.7700617284	686.735146604939	0	0.000912696299118061	0.0126685695782579	0.0476624527567846	-2.76888574531321	*	0.301783264746228
temp_vcf4_SM_AS17.vcf	Brahy.D02G0070200.v1.1	0	0	4	12	3630.16666666664	1058.83333333334	0	0	0.0011018777833892	0.0113332283960333	-3	*	*
temp_vcf4_SM_AS17.vcf	Brahy.D02G0070300.v1.1	0	1.56666666666667	1	2.21666666666667	789.999999999999	284	0	0.00551643192488262	0.00126582278481013	0.00780516431924882	0.284861111111111	*	0.379814814814815
temp_vcf4_SM_AS17.vcf	Brahy.D02G0071200.v1.1	0	0	0	0	333.166666666667	113.833333333333	0	0	0	0	*	*	*
temp_vcf4_SM_AS17.vcf	Brahy.D02G0071900.v1.1	0	0	111	246	10643.9999999999	2958.00000000005	0	0	0.0104284103720407	0.0831643002028384	-8	*	*
temp_vcf4_SM_AS17.vcf	Brahy.D02G0073800.v1.1	0	0	0	0	372.166666666667	122.833333333333	0	0	0	0	*	*	*
temp_vcf4_SM_AS17.vcf	Brahy.D02G0074000.v1.1	0.323076923076923	0	2.81132075471698	6	1415.26923076923	459.730769230768	0.000228279479305378	0	0.00198642116538417	0.0130511168744249	0.034516765285996	0.310650887573964	*
temp_vcf4_SM_AS17.vcf	Brahy.D02G0076100.v1.1	0	0	2	5	838.333333333332	265.666666666667	0	0	0.00238568588469185	0.0188205771643663	0	*	*
temp_vcf4_SM_AS17.vcf	Brahy.D02G0077000.v1.1	0	0	0	0	2063.33333333334	627.666666666667	0	0	0	0	*	*	*
temp_vcf4_SM_AS17.vcf	Brahy.D02G0077500.v1.1	0	0	108	123.384615384615	5480.15050826888	1674.07525413441	0	0	0.0197074879306766	0.0737031475018202	-14.9195266272189	*	*
temp_vcf4_SM_AS17.vcf	Brahy.D02G0078000.v1.1	0	0	5	1	538.333333333334	178.666666666667	0	0	0.00928792569659442	0.00559701492537313	0	*	*
temp_vcf4_SM_AS17.vcf	Brahy.D02G0078300.v1.1	0.285786931095856	0	2.95652173913043	2.89473684210526	622.386346300534	214.613653699466	0.000459179306863934	0	0.0047502998044607	0.0134881299125493	0.0452569090620292	0.135770727186088	*
temp_vcf4_SM_AS17.vcf	Brahy.D02G0078600.v1.1	0	0	0	1	1343.83333333333	417.166666666666	0	0	0	0.00239712345185777	0	*	*
temp_vcf4_SM_AS17.vcf	Brahy.D02G0078700.v1.1	0	0	8	7	2812.49999999999	823.500000000004	0	0	0.00284444444444445	0.00850030358227076	0	*	*
temp_vcf4_SM_AS17.vcf	Brahy.D02G0079600.v1.1	0	0	0	0	1351.66666666667	421.333333333333	0	0	0	0	*	*	*
temp_vcf4_SM_AS17.vcf	Brahy.D02G0080700.v1.1	0	1.76842105263158	46	224.45	5169.98791666666	1590.93395833333	0	0.00111156157260241	0.00889750628849794	0.141080651917905	-2.88286607142857	0.42	*
temp_vcf4_SM_AS17.vcf	Brahy.D02G0081100.v1.1	0	0	13.25	6.75	660.666666666667	242.333333333333	0	0	0.0200554994954591	0.0278541953232462	0	*	*
temp_vcf4_SM_AS17.vcf	Brahy.D02G0082900.v1.1	0	0	1	2	520.833333333334	187.166666666667	0	0	0.00192	0.0106856634016028	0	*	*
temp_vcf4_SM_AS17.vcf	Brahy.D02G0083200.v1.1	0	0	2	0	890.333333333332	309.666666666666	0	0	0.00224634968176713	0	0	*	*
temp_vcf4_SM_AS17.vcf	Brahy.D02G0085000.v1.1	0	0	0	0	305	115	0	0	0	0	*	*	*
temp_vcf4_SM_AS17.vcf	Brahy.D02G0087000.v1.1	0	0	26.2226720647773	41.6113360323887	3887.84936967218	1341.73117120902	0	0	0.00674477572853816	0.0310131693481437	-7.71827517251553	*	*
temp_vcf4_SM_AS17.vcf	Brahy.D02G0087400.v1.1	0	0	11	6	2483.33333333333	759.66666666667	0	0	0.00442953020134229	0.00789820096533564	0	*	*
temp_vcf4_SM_AS17.vcf	Brahy.D02G0089000.v1.1	0.198830409356725	0	0	1.89473684210526	1293.9649122807	455.035087719297	0.000153659815246669	0	0	0.00416393569032657	0.0941828254847645	0.188365650969529	*
temp_vcf4_SM_AS17.vcf	Brahy.D02G0090600.v1.1	0	0.289230769230769	5.96153846153846	5.88461538461539	1045.64102564102	346.358974358974	0	0.000835060704767546	0.00570132417851889	0.016989931892212	0.0213928083750569	*	0.13905325443787
temp_vcf4_SM_AS17.vcf	Brahy.D02G0090700.v1.1	0	0	8	2	493.166666666667	166.833333333333	0	0	0.0162216965190943	0.011988011988012	0	*	*
temp_vcf4_SM_AS17.vcf	Brahy.D02G0090800.v1.1	0	0	3	1	369.666666666667	122.333333333333	0	0	0.00811541929666366	0.00817438692098093	0	*	*
temp_vcf4_SM_AS17.vcf	Brahy.D02G0090900.v1.1	0	1.24819706668827	54	128.692798364426	3496.79725242521	979.514785396294	0	0.00127430140442778	0.0154427025937944	0.131384232564044	-2.84363873978177	0.408163265306122	0.402379664683613
temp_vcf4_SM_AS17.vcf	Brahy.D02G0092300.v1.1	0	0	3.04	5.96	393.166666666667	140.833333333333	0	0	0.00773208986858838	0.042319526627219	0	*	*
temp_vcf4_SM_AS17.vcf	Brahy.D02G0094100.v1.1	0	0	6	4	975.499999999998	335.5	0	0	0.00615069195284471	0.0119225037257824	0	*	*
temp_vcf4_SM_AS17.vcf	Brahy.D02G0095000.v1.1	0.805788982259571	0	6.96031746031746	2	1706.5	555.499999999999	0.000472188093911262	0	0.00407870932336211	0.00360036003600361	0.0764046359284455	0.382023179642227	*
temp_vcf4_SM_AS17.vcf	Brahy.D02G0095300.v1.1	0	0	0	0	253.333333333333	88.6666666666667	0	0	0	0	*	*	*
temp_vcf4_SM_AS17.vcf	Brahy.D02G0096200.v1.1	0	0	0	0	643.833333333333	244.166666666667	0	0	0	0	*	*	*
temp_vcf4_SM_AS17.vcf	Brahy.D02G0097300.v1.1	0.969475158484446	1.18483887973052	21.3529411764706	18.3408369408369	1307.66349206349	465.336507936507	0.000741379693146142	0.00254619798688176	0.0163290795423031	0.0394141371416736	0.0463789356843749	0.306349154040701	0.280406426997598
temp_vcf4_SM_AS17.vcf	Brahy.D02G0098000.v1.1	0	0	4	20	1645.66666666667	580.333333333333	0	0	0.00243062588616569	0.0344629523262493	-3	*	*
temp_vcf4_SM_AS17.vcf	Brahy.D02G0098500.v1.1	1.31871657754011	0	0.566844919786096	1.70588235294118	182.803921568627	63.1960784313726	0.00721383089719462	0	0.00310083566546079	0.0269934843313683	0.306786010466413	0.409048013955217	*
temp_vcf4_SM_AS17.vcf	Brahy.D02G0098600.v1.1	0	0	2	3	1750.16666666667	535.833333333332	0	0	0.00114274830968479	0.00559875583203734	0	*	*
temp_vcf4_SM_AS17.vcf	Brahy.D02G0099300.v1.1	0	0	12	11	1791.00000000001	576	0	0	0.00670016750418758	0.0190972222222222	0	*	*
temp_vcf4_SM_AS17.vcf	Brahy.D02G0101300.v1.1	0.501742160278746	0	26.9652406417112	34.6795263559969	3659.93870110025	1036.86100721281	0.000137090317968416	0	0.00736767548418364	0.0334466491793525	-2.61039006526	0.244897959183674	*
temp_vcf4_SM_AS17.vcf	Brahy.D02G0104700.v1.1	0.0769230769230769	0	19.9615384615385	13	2839.49999999999	958.500000000006	2.70903598954313e-05	0	0.00702994839286442	0.0135628586332811	0.00217542638357118	0.0739644970414202	*
temp_vcf4_SM_AS17.vcf	Brahy.D02G0107800.v1.1	0	0	2	2	453.666666666667	128.333333333333	0	0	0.0044085231447465	0.0155844155844156	0	*	*
temp_vcf4_SM_AS17.vcf	Brahy.D02G0108000.v1.1	0.650997150997151	0	0.851851851851852	2.25	832.641975308641	262.358024691359	0.0007818452231595	0	0.00102307099223059	0.00857606700861134	0.156850137174211	0.313700274348423	*
temp_vcf4_SM_AS17.vcf	Brahy.D02G0110400.v1.1	0	0	1	1	1016.83333333333	375.166666666667	0	0	0.000983445336830029	0.00266548200799645	0	*	*
temp_vcf4_SM_AS17.vcf	Brahy.D02G0112900.v1.1	0	0	1	0	860.999999999999	279	0	0	0.00116144018583043	0	0	*	*
temp_vcf4_SM_AS17.vcf	Brahy.D02G0114400.v1.1	0	0	4	18	3235.99999999999	886.000000000004	0	0	0.00123609394313968	0.020316027088036	-3	*	*
temp_vcf4_SM_AS17.vcf	Brahy.D02G0118000.v1.1	0	0	1	0	815.333333333332	255.666666666667	0	0	0.00122649223221586	0	0	*	*
temp_vcf4_SM_AS17.vcf	Brahy.D02G0118800.v1.1	0	0	9.97142857142857	12	536.833333333334	159.166666666667	0	0	0.0185745331973211	0.075392670157068	0	*	*
temp_vcf4_SM_AS17.vcf	Brahy.D02G0119200.v1.1	0	0	1	0	535.833333333334	160.166666666667	0	0	0.00186625194401244	0	0	*	*
temp_vcf4_SM_AS17.vcf	Brahy.D02G0119900.v1.1	0	0	0	0	568.5	193.5	0	0	0	0	*	*	*
temp_vcf4_SM_AS17.vcf	Brahy.D02G0120100.v1.1	0	0	1	1	495.833333333334	173.166666666667	0	0	0.00201680672268907	0.00577478344562078	0	*	*
temp_vcf4_SM_AS17.vcf	Brahy.D02G0125500.v1.1	0	0	2	0	636.833333333334	197.166666666667	0	0	0.00314053912588328	0	0	*	*
temp_vcf4_SM_AS17.vcf	Brahy.D02G0128400.v1.1	0	0	0	0	283	107	0	0	0	0	*	*	*
temp_vcf4_SM_AS17.vcf	Brahy.D02G0128500.v1.1	0	0	0	0	240.166666666667	80.8333333333333	0	0	0	0	*	*	*
temp_vcf4_SM_AS17.vcf	Brahy.D02G0134200.v1.1	0.744444444444444	0.355555555555556	3.22222222222222	2	1270.41481481482	373.585185185184	0.000585985329959301	0.000951738906293375	0.00253635441325668	0.00535353134790024	0.140811287477954	0.332839506172839	0.32
temp_vcf4_SM_AS17.vcf	Brahy.D02G0134900.v1.1	0	0	1	1	698.166666666666	198.833333333334	0	0	0.00143232275005968	0.00502933780385582	0	*	*
temp_vcf4_SM_AS17.vcf	Brahy.D02G0137200.v1.1	0	0	1	1	947.666666666666	306.333333333333	0	0	0.00105522335561027	0.00326441784548422	0	*	*
temp_vcf4_SM_AS17.vcf	Brahy.D02G0138100.v1.1	0.38	0.746618898343036	1.04	1.27272727272727	355.66	91.34	0.00106843614688185	0.0081740628239877	0.00292414103357139	0.0139339530624838	0.270373553719008	0.3648	0.358347107438017
temp_vcf4_SM_AS17.vcf	Brahy.D02G0139200.v1.1	0.261538461538462	0	12	16.85	3285.61666666665	1040.38333333334	7.96010271654117e-05	0	0.0036522824228836	0.0161959534146067	0.0085	0.255	*
temp_vcf4_SM_AS17.vcf	Brahy.D02G0143500.v1.1	0	0	21	35	6444.33333333338	1844.66666666665	0	0	0.00325867687373918	0.0189736176364295	-7.5	*	*
temp_vcf4_SM_AS17.vcf	Brahy.D02G0147200.v1.1	0	0	0	0	198.166666666667	68.8333333333333	0	0	0	0	*	*	*
temp_vcf4_SM_AS17.vcf	Brahy.D02G0148500.v1.1	0.826143790849673	0.474308300395257	3.66666666666667	2.14782608695652	1844.67777777778	597.322222222222	0.000447852628140237	0.000794057684026361	0.00198770035116039	0.00359575787916604	0.174018663546074	0.382222222222222	0.453686200378072
temp_vcf4_SM_AS17.vcf	Brahy.D02G0151000.v1.1	0	0	0	1	550.166666666667	187.833333333333	0	0	0	0.00532386867790594	0	*	*
temp_vcf4_SM_AS17.vcf	Brahy.D02G0151500.v1.1	0	0	1	1	928.333333333332	298.666666666667	0	0	0.00107719928186715	0.00334821428571429	0	*	*
temp_vcf4_SM_AS17.vcf	Brahy.D02G0151900.v1.1	0	0	1	2	2164	698.000000000002	0	0	0.000462107208872457	0.00286532951289397	0	*	*
temp_vcf4_SM_AS17.vcf	Brahy.D02G0153000.v1.1	0	0	0	0	525.833333333334	176.166666666667	0	0	0	0	*	*	*
temp_vcf4_SM_AS17.vcf	Brahy.D02G0153100.v1.1	0	0	5	0	1039.83333333333	301.166666666666	0	0	0.00480846289469467	0	0	*	*
temp_vcf4_SM_AS17.vcf	Brahy.D02G0153400.v1.1	0.102418207681366	0	2	0.947368421052632	1199.94736842105	408.052631578946	8.53522499208714e-05	0	0.00166673976928813	0.00232168192957565	0.0332409972299169	0.0997229916897509	*
temp_vcf4_SM_AS17.vcf	Brahy.D02G0154500.v1.1	0	0	2	1	639	201	0	0	0.00312989045383412	0.00497512437810945	0	*	*
temp_vcf4_SM_AS17.vcf	Brahy.D02G0154700.v1.1	0.483106931382793	0	14.0766283524904	1	1001.37835249042	282.621647509579	0.00048244195631083	0	0.0140572525034938	0.00353829937944194	0.0264296144317594	0.149767815113303	*
temp_vcf4_SM_AS17.vcf	Brahy.D02G0155000.v1.1	0	0	4	4	1267.83333333333	379.166666666666	0	0	0.00315498882608124	0.0105494505494506	0	*	*
temp_vcf4_SM_AS17.vcf	Brahy.D02G0157400.v1.1	0	0	0	0	1470.83333333334	440.166666666666	0	0	0	0	*	*	*
temp_vcf4_SM_AS17.vcf	Brahy.D02G0163700.v1.1	0	0	2	2	389.666666666667	132.333333333333	0	0	0.00513259195893926	0.0151133501259446	0	*	*
temp_vcf4_SM_AS17.vcf	Brahy.D02G0166800.v1.1	0	0	0	0	291.833333333333	113.166666666667	0	0	0	0	*	*	*
temp_vcf4_SM_AS17.vcf	Brahy.D02G0167300.v1.1	0	0	18	45	7985.5000000002	2106.49999999996	0	0	0.00225408553002311	0.0213624495608834	-8	*	*
temp_vcf4_SM_AS17.vcf	Brahy.D02G0168800.v1.1	1.36542704144206	0.557891705069124	2.79583333333333	3.3125	1183.73383246528	379.266167534722	0.00115349160765168	0.00147097672512023	0.00236187667924524	0.00873397176851199	0.155436921296296	0.264758680555556	0.270724826388889
temp_vcf4_SM_AS17.vcf	Brahy.D02G0170100.v1.1	0	0	14	5	893.833333333332	309.166666666667	0	0	0.0156628752563864	0.0161725067385445	0	*	*
temp_vcf4_SM_AS17.vcf	Brahy.D02G0171200.v1.1	0	0	22	118	4617.33333333332	1409.66666666666	0	0	0.00476465492347677	0.0837077323244268	-3	*	*
temp_vcf4_SM_AS17.vcf	Brahy.D02G0172200.v1.1	0	0	0	0	822.333333333332	272.666666666667	0	0	0	0	*	*	*
temp_vcf4_SM_AS17.vcf	Brahy.D02G0172400.v1.1	0	0	9	6	1028.16666666667	330.833333333333	0	0	0.00875344464256769	0.0181360201511335	0	*	*
temp_vcf4_SM_AS17.vcf	Brahy.D02G0172500.v1.1	0	0	28	15	901.333333333333	277.666666666667	0	0	0.0310650887573965	0.0540216086434574	0	*	*
temp_vcf4_SM_AS17.vcf	Brahy.D02G0173800.v1.1	0	0	0	0	357.666666666667	107.333333333333	0	0	0	0	*	*	*
temp_vcf4_SM_AS17.vcf	Brahy.D02G0174600.v1.1	1.0559783353901	0.492424242424242	7.1852461264226	1.60606060606061	1434.78054298643	524.219457013574	0.000735985960049425	0.000939347511497444	0.00500790602545171	0.00306371803749936	-0.562339071561251	0.341261710608627	0.477502295684114
temp_vcf4_SM_AS17.vcf	Brahy.D02G0174700.v1.1	7.61876948044945	2.93652051596698	11.75797640324	7.03745453989801	854.639422562961	277.514423590883	0.00891460103443587	0.0105815059194763	0.0137578212434657	0.0253588784641794	0.340521251493181	0.459512956318972	0.47280701954123
temp_vcf4_SM_AS17.vcf	Brahy.D02G0175100.v1.1	0	0	1	1	951.333333333332	323.666666666667	0	0	0.00105115627189909	0.00308959835221421	0	*	*
temp_vcf4_SM_AS17.vcf	Brahy.D02G0178800.v1.1	0	0	31	37	8083.66666666684	2365.33333333332	0	0	0.00383489340645738	0.015642615558061	-19.125	*	*
temp_vcf4_SM_AS17.vcf	Brahy.D02G0180000.v1.1	0	0	2	0	3426.33333333332	1151.66666666667	0	0	0.000583714369102055	0	0	*	*
temp_vcf4_SM_AS17.vcf	Brahy.D02G0180400.v1.1	0	0	3	1	242.833333333333	99.1666666666667	0	0	0.0123541523678792	0.0100840336134454	0	*	*
temp_vcf4_SM_AS17.vcf	Brahy.D02G0180500.v1.1	0	0	1	0	1015.33333333333	349.666666666666	0	0	0.000984898227183193	0	0	*	*
temp_vcf4_SM_AS17.vcf	Brahy.D02G0180600.v1.1	0	0	8	16	4117.33333333332	1237.66666666667	0	0	0.00194300518134716	0.0129275518448694	-3	*	*
temp_vcf4_SM_AS17.vcf	Brahy.D02G0183800.v1.1	0	0	2	2	626.833333333333	213.166666666667	0	0	0.00319064078702473	0.00938232994526974	0	*	*
temp_vcf4_SM_AS17.vcf	Brahy.D02G0183900.v1.1	0	0	48	42	2127.33333333334	668.666666666668	0	0	0.022563459730492	0.0628115653040876	-8	*	*
temp_vcf4_SM_AS17.vcf	Brahy.D02G0184000.v1.1	0	0.441176470588235	0.294117647058824	1	511.333333333334	157.666666666667	0	0.00279815943290635	0.000575197484469667	0.00634249471458774	0.207612456747405	*	0.41522491349481
temp_vcf4_SM_AS17.vcf	Brahy.D02G0185000.v1.1	0	0	1	1	502.500000000001	154.5	0	0	0.00199004975124378	0.00647249190938512	0	*	*
temp_vcf4_SM_AS17.vcf	Brahy.D02G0185700.v1.1	0	0	12	10	1681.83333333334	520.166666666665	0	0	0.0071350708552175	0.019224607497597	0	*	*
temp_vcf4_SM_AS17.vcf	Brahy.D02G0190800.v1.1	0	0	7	6	754.999999999999	232	0	0	0.00927152317880796	0.0258620689655172	0	*	*
temp_vcf4_SM_AS17.vcf	Brahy.D02G0192900.v1.1	0	0	6	3	1595.16666666667	510.833333333331	0	0	0.00376136244906487	0.00587275693311585	0	*	*
temp_vcf4_SM_AS17.vcf	Brahy.D02G0193400.v1.1	0	0	16	52	5329.00000000002	1513.99999999999	0	0	0.00300243948207918	0.0343461030383093	-13.6666666666667	*	*
temp_vcf4_SM_AS17.vcf	Brahy.D02G0198500.v1.1	0	0	22	10	2090.50000000001	645.500000000001	0	0	0.0105237981344176	0.0154918667699458	0	*	*
temp_vcf4_SM_AS17.vcf	Brahy.D02G0199200.v1.1	0	0	0	4	1309	418.999999999999	0	0	0	0.00954653937947496	-3	*	*
temp_vcf4_SM_AS17.vcf	Brahy.D02G0200100.v1.1	0.388888888888889	0.370114942528736	8	8.51666666666667	1681	520.999999999999	0.000231343776852402	0.000710393363778765	0.0047590719809637	0.0163467690339092	0.0431045751633987	0.375	0.357777777777778
temp_vcf4_SM_AS17.vcf	Brahy.D02G0205500.v1.1	0	0	5	0	310.833333333333	118.166666666667	0	0	0.0160857908847185	0	0	*	*
temp_vcf4_SM_AS17.vcf	Brahy.D02G0207500.v1.1	0	0	3	1	1889.16666666667	621.833333333334	0	0	0.0015880017644464	0.00160814794961136	0	*	*
temp_vcf4_SM_AS17.vcf	Brahy.D02G0207900.v1.1	2.19325667201149	0.803698435277383	8.14643766655962	9.00674763832659	1174.87793470456	396.520213443587	0.001866795355692	0.00202687885265079	0.0069338587660242	0.022714472889307	0.126877325593148	0.355986391956126	0.391130068452821
temp_vcf4_SM_AS17.vcf	Brahy.D02G0208300.v1.1	0	0	4	2	1329.33333333334	410.666666666665	0	0	0.00300902708124373	0.00487012987012988	0	*	*
temp_vcf4_SM_AS17.vcf	Brahy.D02G0208900.v1.1	0	0	1	4	618	219	0	0	0.00161812297734628	0.0182648401826484	0	*	*
temp_vcf4_SM_AS17.vcf	Brahy.D02G0209900.v1.1	0	0	5	4	227.166666666667	78.8333333333333	0	0	0.0220102714600147	0.0507399577167019	0	*	*
temp_vcf4_SM_AS17.vcf	Brahy.D02G0210300.v1.1	0	0	2	6	2367	726.000000000002	0	0	0.00084495141529362	0.00826446280991734	-3	*	*
temp_vcf4_SM_AS17.vcf	Brahy.D02G0213000.v1.1	0	0.239080459770115	0	0.866666666666667	686.5	231.5	0	0.00103274496660957	0	0.00374370050395968	0.231111111111111	*	0.231111111111111
temp_vcf4_SM_AS17.vcf	Brahy.D02G0213700.v1.1	0	0	1	0	391	116	0	0	0.00255754475703325	0	0	*	*
temp_vcf4_SM_AS17.vcf	Brahy.D02G0214300.v1.1	0	0	2	0	836.166666666666	264.833333333334	0	0	0.00239186764999004	0	0	*	*
temp_vcf4_SM_AS17.vcf	Brahy.D02G0214500.v1.1	0	0	6	2	4053.3333333333	1226.66666666667	0	0	0.00148026315789475	0.00163043478260869	-3	*	*
temp_vcf4_SM_AS17.vcf	Brahy.D02G0214900.v1.1	0	0	1	3	1266	377.999999999999	0	0	0.000789889415481832	0.00793650793650796	0	*	*
temp_vcf4_SM_AS17.vcf	Brahy.D02G0216400.v1.1	0	0	6	28	2718.16666666666	848.833333333337	0	0	0.00220737016371329	0.0329864519929313	-3	*	*
temp_vcf4_SM_AS17.vcf	Brahy.D02G0217200.v1.1	0	0	0	0	338	127	0	0	0	0	*	*	*
temp_vcf4_SM_AS17.vcf	Brahy.D02G0217300.v1.1	0	0	11	7	1984.66666666667	619.333333333333	0	0	0.00554249244205574	0.011302475780409	0	*	*
temp_vcf4_SM_AS17.vcf	Brahy.D02G0219800.v1.1	0	0	0	2	1139.5	378.499999999999	0	0	0	0.00528401585204757	0	*	*
temp_vcf4_SM_AS17.vcf	Brahy.D02G0220200.v1.1	0	0	5	1	733.499999999999	226.5	0	0	0.00681663258350375	0.00441501103752759	0	*	*
temp_vcf4_SM_AS17.vcf	Brahy.D02G0220300.v1.1	0	0	6	6	856.333333333332	277.666666666667	0	0	0.00700661736084081	0.021608643457383	0	*	*
temp_vcf4_SM_AS17.vcf	Brahy.D02G0222100.v1.1	0	0	9	10	586.5	214.5	0	0	0.0153452685421995	0.0466200466200466	0	*	*
temp_vcf4_SM_AS17.vcf	Brahy.D02G0222200.v1.1	0	0	9	5	385.333333333334	127.666666666667	0	0	0.023356401384083	0.0391644908616188	0	*	*
temp_vcf4_SM_AS17.vcf	Brahy.D02G0223000.v1.1	0	0	1	0	201.5	59.5	0	0	0.00496277915632755	0	0	*	*
temp_vcf4_SM_AS17.vcf	Brahy.D02G0224200.v1.1	0	0	4	4	439.5	142.5	0	0	0.00910125142207053	0.0280701754385965	0	*	*
temp_vcf4_SM_AS17.vcf	Brahy.D02G0224800.v1.1	0	0	4	5	528.166666666667	170.833333333334	0	0	0.00757336699274218	0.0292682926829268	0	*	*
temp_vcf4_SM_AS17.vcf	Brahy.D02G0225600.v1.1	0	0	22	32	2725.33333333333	850.666666666671	0	0	0.0080724070450098	0.037617554858934	-1.2	*	*
temp_vcf4_SM_AS17.vcf	Brahy.D02G0227700.v1.1	0	0	0	4	1189	364.999999999999	0	0	0	0.0109589041095891	0	*	*
temp_vcf4_SM_AS17.vcf	Brahy.D02G0228700.v1.1	0	0	0	0	599.166666666667	216.833333333333	0	0	0	0	*	*	*
temp_vcf4_SM_AS17.vcf	Brahy.D02G0228800.v1.1	0	0	6	1	539.666666666667	192.333333333333	0	0	0.0111179740580605	0.00519930675909879	0	*	*
temp_vcf4_SM_AS17.vcf	Brahy.D02G0230500.v1.1	0	0	35	85.9579831932773	3932.10304121646	1223.30152060824	0	0	0.00890108922200883	0.0702672086523181	-2.84041814069081	*	*
temp_vcf4_SM_AS17.vcf	Brahy.D02G0233300.v1.1	0	0	6	6	1149	396	0	0	0.00522193211488251	0.0151515151515152	0	*	*
temp_vcf4_SM_AS17.vcf	Brahy.D02G0234400.v1.1	0	0	11	8	2010.00000000001	603	0	0	0.00547263681592037	0.0132669983416252	0	*	*
temp_vcf4_SM_AS17.vcf	Brahy.D02G0235300.v1.1	0	0	8	5	1370.33333333333	489.666666666665	0	0	0.00583799562150328	0.010211027910143	0	*	*
temp_vcf4_SM_AS17.vcf	Brahy.D02G0236900.v1.1	0.545454545454545	0.545454545454545	30.7090301003344	49.2307692307692	1753.26671588312	639.351386822668	0.000311107568810374	0.000853137346217776	0.017515321440906	0.0770011143252967	-2.60648221249281	0.5	*
temp_vcf4_SM_AS17.vcf	Brahy.D02G0238200.v1.1	0	0	2	0	250.5	85.5	0	0	0.00798403193612775	0	0	*	*
temp_vcf4_SM_AS17.vcf	Brahy.D02G0238500.v1.1	1.38784461152882	0.98421052631579	41.3757518796993	35.2174185463659	4936.08067042606	1537.91932957392	0.000281163275925357	0.000639962387746607	0.00838230868624112	0.0228993926203677	0.0267852970099253	0.258894779241336	0.232176438904278
temp_vcf4_SM_AS17.vcf	Brahy.D02G0239100.v1.1	0.545454545454545	0.545454545454545	22.3636363636364	39.2727272727273	1946.22451790634	617.634986225896	0.00028026290925639	0.000883134144954427	0.011490779279512	0.0635856584367187	-2.65435099659699	0.495867768595041	0.495867768595041
temp_vcf4_SM_AS17.vcf	Brahy.D02G0243600.v1.1	0.484848484848485	0	1.33333333333333	0	219.166666666667	74.8333333333333	0.00221223643276875	0	0.00608365019011407	0	0.222222222222222	0.444444444444444	*
temp_vcf4_SM_AS17.vcf	Brahy.D02G0243700.v1.1	0	0	0	0	222.166666666667	77.8333333333333	0	0	0	0	*	*	*
temp_vcf4_SM_AS17.vcf	Brahy.D02G0243800.v1.1	0	0	1	0	223	71	0	0	0.00448430493273543	0	0	*	*
temp_vcf4_SM_AS17.vcf	Brahy.D02G0244700.v1.1	0	0	4	4	1176.16666666667	398.833333333333	0	0	0.00340087856029474	0.0100292519849561	0	*	*
temp_vcf4_SM_AS17.vcf	Brahy.D02G0246100.v1.1	0.0571428571428572	0	21.9714285714286	6	2881.66666666666	901.333333333336	1.98297942658845e-05	0	0.0076245558952326	0.00665680473372779	0.00191414496833216	0.0555102040816327	*
temp_vcf4_SM_AS17.vcf	Brahy.D02G0250700.v1.1	0	0	0	4	1008.83333333333	326.166666666666	0	0	0	0.0122636688809402	0	*	*
temp_vcf4_SM_AS17.vcf	Brahy.D02G0250900.v1.1	0	0	5	8	1007.33333333333	339.666666666667	0	0	0.00496360026472536	0.0235525024533857	0	*	*
temp_vcf4_SM_AS17.vcf	Brahy.D02G0251000.v1.1	0	0	9	7	310.166666666667	115.833333333333	0	0	0.0290166577109081	0.060431654676259	0	*	*
temp_vcf4_SM_AS17.vcf	Brahy.D02G0251200.v1.1	0	0	9	5	529.166666666667	160.833333333333	0	0	0.017007874015748	0.0310880829015544	0	*	*
temp_vcf4_SM_AS17.vcf	Brahy.D02G0251300.v1.1	0	0	0	3	474.666666666667	137.333333333333	0	0	0	0.0218446601941748	0	*	*
temp_vcf4_SM_AS17.vcf	Brahy.D02G0251400.v1.1	0	0	0	0	200.333333333333	60.6666666666667	0	0	0	0	*	*	*
temp_vcf4_SM_AS17.vcf	Brahy.D02G0254200.v1.1	0	0	15.9411764705882	10	1702.50000000001	529.499999999999	0	0	0.00936339293426618	0.0188857412653447	0	*	*
temp_vcf4_SM_AS17.vcf	Brahy.D02G0259100.v1.1	0	0	12	59.8666666666667	2743.9674074074	816.245925925929	0	0	0.00437322978676997	0.0733439086985401	-2.98543209876543	*	*
temp_vcf4_SM_AS17.vcf	Brahy.D02G0259200.v1.1	0.707489197229279	0.209150326797386	11.5813953488372	19.7777777777778	1144.05426356589	391.945736434108	0.000618405280029388	0.000533620619783288	0.0101231171611907	0.0504604998582571	0.027556603836575	0.342140229286434	0.197530864197531
temp_vcf4_SM_AS17.vcf	Brahy.D02G0263300.v1.1	0	0	1	1	979.166666666664	292.833333333333	0	0	0.00102127659574468	0.00341491178144565	0	*	*
temp_vcf4_SM_AS17.vcf	Brahy.D02G0263800.v1.1	0	0	46	149.354838709677	5242.83662851198	1662.60457856398	0	0	0.00877387629243287	0.0898318461498994	-2.97579052432628	*	*
temp_vcf4_SM_AS17.vcf	Brahy.D02G0265500.v1.1	0	0	7	6	1059.16666666666	362.833333333333	0	0	0.00660896931549962	0.0165365181442352	0	*	*
temp_vcf4_SM_AS17.vcf	Brahy.D02G0266800.v1.1	0.623376623376623	0	4.18181818181818	1.18181818181818	622.356749311295	208.643250688706	0.0010016387290191	0	0.00671932647383646	0.00566430103977553	0.0850059031877213	0.297520661157025	*
temp_vcf4_SM_AS17.vcf	Brahy.D02G0267000.v1.1	0	0	72.8823529411765	195.882352941176	4281.45098039214	1582.8431372549	0	0	0.0170228161609131	0.12375348405079	-2.92763872401687	*	*
temp_vcf4_SM_AS17.vcf	Brahy.D02G0267300.v1.1	0	0	70.1439393939394	138.537878787879	7078.8865252329	2176.17331565408	0	0	0.00990889444885283	0.0636612340530605	-6.52579756860899	*	*
temp_vcf4_SM_AS17.vcf	Brahy.D02G0269100.v1.1	0	0	0	0	1135.66666666667	382.333333333333	0	0	0	0	*	*	*
temp_vcf4_SM_AS17.vcf	Brahy.D02G0270400.v1.1	0	0	2	0	622.333333333333	205.666666666667	0	0	0.00321371183717194	0	0	*	*
temp_vcf4_SM_AS17.vcf	Brahy.D02G0271500.v1.1	0	0	6	8	2004.16666666667	638.833333333334	0	0	0.00299376299376298	0.0125228280720062	0	*	*
temp_vcf4_SM_AS17.vcf	Brahy.D02G0271900.v1.1	0	0	0	0	341.166666666667	126.833333333333	0	0	0	0	*	*	*
temp_vcf4_SM_AS17.vcf	Brahy.D02G0273000.v1.1	0	0	4	1	423.5	140.5	0	0	0.00944510035419125	0.00711743772241993	0	*	*
temp_vcf4_SM_AS17.vcf	Brahy.D02G0273400.v1.1	0	0.555555555555556	28.9565217391304	27.487922705314	2066.00000000001	634.000000000001	0	0.000876270592358919	0.0140157414032577	0.0433563449610631	0.00836995187277673	*	0.493827160493827
temp_vcf4_SM_AS17.vcf	Brahy.D02G0277500.v1.1	0	0	1	0	914.666666666665	288.333333333333	0	0	0.0010932944606414	0	0	*	*
temp_vcf4_SM_AS17.vcf	Brahy.D02G0277700.v1.1	0	0	10	13.8666666666667	1828.8962962963	615.317037037036	0	0	0.00546777858331881	0.0225358080989264	-2.9562962962963	*	*
temp_vcf4_SM_AS17.vcf	Brahy.D02G0279100.v1.1	0	0	0	1	474.833333333333	176.166666666667	0	0	0	0.00567644276253548	0	*	*
temp_vcf4_SM_AS17.vcf	Brahy.D02G0283500.v1.1	2.53772893772894	3.02461538461538	8.07834101382489	24.3302990557829	6402.57304503603	1894.88411604104	0.000396360794305418	0.00159620071697824	0.00126173351822797	0.0128399931424915	-1.29160134329312	0.415676227961599	0.471061390532544
temp_vcf4_SM_AS17.vcf	Brahy.D02G0283800.v1.1	0	0.6	2	0.4	1349.16666666667	438.833333333332	0	0.00136726167869351	0.00148239654107474	0.000911507785795672	0.16	*	0.48
temp_vcf4_SM_AS17.vcf	Brahy.D02G0283900.v1.1	0	0	0	0	1040.16666666667	342.833333333333	0	0	0	0	*	*	*
temp_vcf4_SM_AS17.vcf	Brahy.D02G0284900.v1.1	2.4137796794341	0	1.98350649350649	2.55341614906832	682.91132034632	196.08867965368	0.00353454336971603	0	0.0029044861820428	0.0130217417628494	0.293732555139727	0.391643406852969	*
temp_vcf4_SM_AS17.vcf	Brahy.D02G0286400.v1.1	0	0.142857142857143	4	3.92857142857143	1571.5	543.499999999999	0	0.000262846628991984	0.00254533884823416	0.00722828229727956	0.0147392290249433	*	0.13265306122449
temp_vcf4_SM_AS17.vcf	Brahy.D02G0286700.v1.1	4.11922205096351	0.851402277744989	3.28290143336352	1.83947603121516	566.76050959137	193.886549232159	0.0072680117637932	0.00439123952185833	0.00579239621993153	0.00948738341313496	0.374033022075468	0.4028485874715	0.416971706133041
temp_vcf4_SM_AS17.vcf	Brahy.D02G0288400.v1.1	0	0	0	0	1053.83333333333	371.166666666666	0	0	0	0	*	*	*
temp_vcf4_SM_AS17.vcf	Brahy.D02G0288600.v1.1	0	0	0	1	763	260.000000000001	0	0	0	0.00384615384615384	0	*	*
temp_vcf4_SM_AS17.vcf	Brahy.D02G0292300.v1.1	0	0	0	3	1043	349	0	0	0	0.00859598853868196	0	*	*
temp_vcf4_SM_AS17.vcf	Brahy.D02G0293700.v1.1	0	0	10	42	7359.83333333341	2207.16666666665	0	0	0.00135872642043523	0.0190289209393644	-3	*	*
temp_vcf4_SM_AS17.vcf	Brahy.D02G0294000.v1.1	0	0	5	8	782.333333333332	273.666666666667	0	0	0.00639113762249682	0.0292326431181486	0	*	*
temp_vcf4_SM_AS17.vcf	Brahy.D02G0294800.v1.1	1.07197052734137	0.479380804953561	10.0517893198469	11.1552380952381	1170.86547314578	371.134526854219	0.000915536884405084	0.00129166318482101	0.00858492247861803	0.0300571283135289	0.0611722505131892	0.253458310712253	0.15143358982251
temp_vcf4_SM_AS17.vcf	Brahy.D02G0294900.v1.1	0.142857142857143	0	2.92857142857143	6	865.047619047618	298.952380952381	0.000165143674997248	0	0.00338544533744358	0.0200700860146544	0.0147392290249433	0.13265306122449	*
temp_vcf4_SM_AS17.vcf	Brahy.D02G0299000.v1.1	0	0	0	0	257.666666666667	78.3333333333333	0	0	0	0	*	*	*
temp_vcf4_SM_AS17.vcf	Brahy.D02G0300000.v1.1	0	0	1	4	644.333333333333	192.666666666667	0	0	0.00155199172271081	0.0207612456747405	0	*	*
temp_vcf4_SM_AS17.vcf	Brahy.D02G0300900.v1.1	0	0	1	0	985.333333333332	316.666666666667	0	0	0.0010148849797023	0	0	*	*
temp_vcf4_SM_AS17.vcf	Brahy.D02G0307100.v1.1	0	0	5	5	352.166666666667	142.833333333333	0	0	0.0141978230004733	0.0350058343057176	0	*	*
temp_vcf4_SM_AS17.vcf	Brahy.D02G0309300.v1.1	0	0	2	3	478.166666666667	187.833333333333	0	0	0.00418264203555245	0.0159716060337178	0	*	*
temp_vcf4_SM_AS17.vcf	Brahy.D02G0312300.v1.1	0	0	15	7	1972.50000000001	619.5	0	0	0.00760456273764256	0.0112994350282486	0	*	*
temp_vcf4_SM_AS17.vcf	Brahy.D02G0318100.v1.1	0	0	23	19	962.166666666665	318.833333333333	0	0	0.0239043824701196	0.0595922634605332	0	*	*
temp_vcf4_SM_AS17.vcf	Brahy.D02G0324300.v1.1	0	0	0	0	1153.66666666667	418.333333333332	0	0	0	0	*	*	*
temp_vcf4_SM_AS17.vcf	Brahy.D02G0328100.v1.1	0	0	18	8	1369.5	439.499999999998	0	0	0.0131434830230011	0.0182025028441411	0	*	*
temp_vcf4_SM_AS17.vcf	Brahy.D02G0330100.v1.1	0	0	10	10	2668	887.000000000002	0	0	0.00374812593703149	0.0112739571589628	-3	*	*
temp_vcf4_SM_AS17.vcf	Brahy.D02G0332400.v1.1	0	0	9	7	771.833333333333	260.166666666667	0	0	0.0116605484776506	0.0269058295964125	0	*	*
temp_vcf4_SM_AS17.vcf	Brahy.D02G0332500.v1.1	0	0	15	6	815.999999999999	249	0	0	0.0183823529411765	0.0240963855421686	0	*	*
temp_vcf4_SM_AS17.vcf	Brahy.D02G0334700.v1.1	0.96648104519169	0.538461538461538	0.767241379310345	1.53846153846154	729.488505747126	251.511494252874	0.00132487494672975	0.00214090230770988	0.00105175252696347	0.00611686373631395	0.34717206727691	0.445823424494649	0.497041420118343
temp_vcf4_SM_AS17.vcf	Brahy.D02G0337800.v1.1	0	0	0	0	644.833333333333	222.166666666667	0	0	0	0	*	*	*
temp_vcf4_SM_AS17.vcf	Brahy.D02G0338100.v1.1	0	0	7	7	686.666666666666	252.333333333334	0	0	0.0101941747572816	0.0277410832232496	0	*	*
temp_vcf4_SM_AS17.vcf	Brahy.D02G0341500.v1.1	0	0	4	16	1716.66666666667	650.333333333333	0	0	0.00233009708737864	0.0246027678113788	-3	*	*
temp_vcf4_SM_AS17.vcf	Brahy.D02G0342900.v1.1	0	0	1	1	210.666666666667	59.3333333333334	0	0	0.00474683544303798	0.0168539325842697	0	*	*
temp_vcf4_SM_AS17.vcf	Brahy.D02G0344800.v1.1	0.327272727272727	0	6.81818181818182	6	496.666666666667	127.333333333333	0.000658938377059181	0	0.0137278828553996	0.0471204188481676	0.0212514757969303	0.297520661157025	*
temp_vcf4_SM_AS17.vcf	Brahy.D02G0345700.v1.1	0	0.247619047619048	13	12.8666666666667	687	237	0	0.00104480610809725	0.0189228529839884	0.0542897327707453	0.00888888888888889	*	0.231111111111111
temp_vcf4_SM_AS17.vcf	Brahy.D02G0349400.v1.1	0	0	10	10	1510	505.999999999999	0	0	0.00662251655629138	0.0197628458498024	-3	*	*
temp_vcf4_SM_AS17.vcf	Brahy.D02G0353400.v1.1	1.60573379149231	0.480808080808081	3.02478632478632	0.80952380952381	787.798290598289	271.20170940171	0.0020382549831034	0.00177287997877586	0.00383954415855506	0.00298495098467365	0.332997918284854	0.381966013229749	0.470123456790123
temp_vcf4_SM_AS17.vcf	Brahy.D02G0354100.v1.1	0.19047619047619	0.19047619047619	120.952380952381	336.857142857143	11336.2692653779	3270.72425583997	1.68023699876222e-05	5.82367009802461e-05	0.0106695049421401	0.102991605683565	-13.4733110175287	0.090702947845805	0.090702947845805
temp_vcf4_SM_AS17.vcf	Brahy.D02G0355900.v1.1	0	0	7	1	796.999999999999	268	0	0	0.00878293601003766	0.00373134328358208	0	*	*
temp_vcf4_SM_AS17.vcf	Brahy.D02G0356100.v1.1	3.83865438039856	1.48854876779405	4.14105658956985	2.48176100628931	335.586605581008	111.413394418992	0.0114386400307981	0.0133605907580203	0.0123397552843337	0.0222752481353917	0.400328731922451	0.469342605004519	0.483177558318573
temp_vcf4_SM_AS17.vcf	Brahy.D02G0364600.v1.1	0	0	14	11	988.499999999998	307.5	0	0	0.0141628730399596	0.0357723577235772	0	*	*
temp_vcf4_SM_AS17.vcf	Brahy.D02G0366500.v1.1	5.22303686253297	1.72676281122529	25.3376019624659	15.5222672064777	1389.69432234432	484.305677655676	0.00375840699537582	0.00356543995020631	0.0182325001657364	0.0320505579897693	0.130742762283833	0.454314273795568	0.417605966181053
temp_vcf4_SM_AS17.vcf	Brahy.D02G0367000.v1.1	13.4174756837679	3.26650295976383	16.3052533870649	7.73854017653068	1313.64826168777	445.5790110395	0.0102139028194116	0.00733091747778546	0.0124121911950129	0.0173673803855287	0.326503308451633	0.421348836683582	0.419837491384153
temp_vcf4_SM_AS17.vcf	Brahy.D02G0367100.v1.1	0	0	5	3	360	120	0	0	0.0138888888888889	0.025	0	*	*
temp_vcf4_SM_AS17.vcf	Brahy.D02G0371400.v1.1	0	0	0	0	358.166666666667	118.833333333333	0	0	0	0	*	*	*
temp_vcf4_SM_AS17.vcf	Brahy.D02G0374800.v1.1	0	0	9	4	525.000000000001	183	0	0	0.0171428571428571	0.0218579234972677	0	*	*
temp_vcf4_SM_AS17.vcf	Brahy.D02G0375100.v1.1	0	0	9	8	2064.83333333334	674.166666666668	0	0	0.00435870530309143	0.0118665018541409	0	*	*
temp_vcf4_SM_AS17.vcf	Brahy.D02G0376600.v1.1	0	0	5	1	715.333333333333	229.666666666667	0	0	0.00698974836905872	0.00435413642960812	0	*	*
temp_vcf4_SM_AS17.vcf	Brahy.D02G0380100.v1.1	0	0	43.0526315789474	44.9473684210526	2471	727.000000000002	0	0	0.0174231613026902	0.0618258162600447	0	*	*
temp_vcf4_SM_AS17.vcf	Brahy.D02G0383100.v1.1	0	0	0	0	1980.66666666667	638.333333333333	0	0	0	0	*	*	*
temp_vcf4_SM_AS17.vcf	Brahy.D02G0384100.v1.1	0	0	4	0	2680.33333333333	802.666666666669	0	0	0.00149235169755006	0	-3	*	*
temp_vcf4_SM_AS17.vcf	Brahy.D02G0385700.v1.1	0	0	0	12	1094.33333333333	351.666666666667	0	0	0	0.0341232227488152	-3	*	*
temp_vcf4_SM_AS17.vcf	Brahy.D02G0385900.v1.1	0	0	2	2	1113.5	359.499999999999	0	0	0.0017961383026493	0.00556328233657859	0	*	*
temp_vcf4_SM_AS17.vcf	Brahy.D02G0388200.v1.1	0	0	1	1	327.166666666667	107.833333333333	0	0	0.00305654610290372	0.00927357032457497	0	*	*
temp_vcf4_SM_AS17.vcf	Brahy.D02G0389600.v1.1	0.189473684210526	0	15.8787234042553	14.0212765957447	1190.16666666667	378.833333333332	0.000159199286551345	0	0.0133415964746579	0.0370117288053094	0.00580645161290322	0.18	*
temp_vcf4_SM_AS17.vcf	Brahy.D02G0390000.v1.1	5.34869268662372	11.8808564162786	88.8138113070162	115.029296130011	4418.62632503425	1231.80649865406	0.00121048767041469	0.00964506716701071	0.0200998692294551	0.0933826021016281	-3.50359859397811	0.336262357756303	0.31011718252282
temp_vcf4_SM_AS17.vcf	Brahy.D02G0394800.v1.1	0	0	3	3	789.833333333332	239.166666666667	0	0	0.00379826967714708	0.0125435540069686	0	*	*
temp_vcf4_SM_AS17.vcf	Brahy.D02G0398100.v1.1	0	0	1	3	174.333333333333	47.6666666666667	0	0	0.00573613766730402	0.0629370629370629	0	*	*
temp_vcf4_SM_AS17.vcf	Brahy.D02G0398600.v1.1	0	0	12	18	1476.16666666667	470.833333333332	0	0	0.00812916337360278	0.0382300884955753	0	*	*
temp_vcf4_SM_AS17.vcf	Brahy.D02G0402000.v1.1	0	0	2	2	503.5	183.5	0	0	0.00397219463753724	0.0108991825613079	0	*	*
temp_vcf4_SM_AS17.vcf	Brahy.D02G0405800.v1.1	0	0	0	0	702.666666666666	260.333333333334	0	0	0	0	*	*	*
temp_vcf4_SM_AS17.vcf	Brahy.D02G0408100.v1.1	0	0	5	5	1545.5	506.499999999998	0	0	0.00323519896473632	0.00987166831194475	0	*	*
temp_vcf4_SM_AS17.vcf	Brahy.D02G0408400.v1.1	0.0909090909090908	0	28.9545454545455	27	2633.48484848485	846.515151515157	3.45204533686209e-05	0	0.0109947643979058	0.0318954716305708	-7.19566115702479	0.0867768595041321	*
temp_vcf4_SM_AS17.vcf	Brahy.D02G0409000.v1.1	0	0	0	0	631.166666666667	199.833333333333	0	0	0	0	*	*	*
temp_vcf4_SM_AS17.vcf	Brahy.D02G0410200.v1.1	0.409090909090909	0	5	0	1245.83333333333	455.916666666665	0.000328367284889024	0	0.00401337792642141	0	0.0625	0.375	*
temp_vcf4_SM_AS17.vcf	Brahy.D02G0412600.v1.1	0	0	0	0	448.166666666667	190.833333333333	0	0	0	0	*	*	*
temp_vcf4_SM_AS17.vcf	Brahy.D02G0414500.v1.1	0.196428571428571	0	23.9375	20.9642857142857	1988.50000000001	639.5	9.8782283846402e-05	0	0.0120379683178274	0.0327823076063889	0.00404489241348713	0.093032525510204	*
temp_vcf4_SM_AS17.vcf	Brahy.D02G0414800.v1.1	0	0	8	4	1141.16666666667	361.833333333333	0	0	0.00701036950489266	0.011054813450023	0	*	*
temp_vcf4_SM_AS17.vcf	Brahy.D02G0419600.v1.1	0	0	2	1	728.666666666666	276.333333333333	0	0	0.00274473924977127	0.00361881785283474	0	*	*
temp_vcf4_SM_AS17.vcf	Brahy.D02G0425400.v1.1	0.776402544823597	0.323809523809524	2.2	1.47619047619048	831.436507936507	266.563492063492	0.000933808579984664	0.0012147557090541	0.00264602285201554	0.00553785690892309	0.17275888133031	0.364081632653061	0.308390022675737
temp_vcf4_SM_AS17.vcf	Brahy.D02G0425600.v1.1	0	0	1	1	826.333333333332	274.666666666667	0	0	0.00121016538926987	0.00364077669902912	0	*	*
temp_vcf4_SM_AS17.vcf	Brahy.D02G0427300.v1.1	0	0	2	0	414.666666666667	125.333333333333	0	0	0.00482315112540193	0	0	*	*
temp_vcf4_SM_AS17.vcf	Brahy.D02G0430800.v1.1	0	0	1	2	480.333333333334	158.666666666667	0	0	0.00208188757807078	0.0126050420168067	0	*	*
temp_vcf4_SM_AS17.vcf	Brahy.D02G0432200.v1.1	0.970206264323912	0	2.3109243697479	3	1163.17927170868	366.820728291316	0.000834098653510823	0	0.00198673104477971	0.00817838188690772	0.117788291787303	0.235576583574606	*
temp_vcf4_SM_AS17.vcf	Brahy.D02G0433100.v1.1	0	0	2	0	860.833333333333	303.166666666667	0	0	0.00232333010648596	0	0	*	*
temp_vcf4_SM_AS17.vcf	Brahy.D02G0434400.v1.1	0.388888888888889	0	9.22222222222222	10	1987.77777777779	544.22222222222	0.000195640022358859	0	0.00463946338736722	0.0183748468762761	0.0172839506172839	0.345679012345679	*
temp_vcf4_SM_AS17.vcf	Brahy.D02G0440800.v1.1	0	0	13	4	5434.50000000001	1708.49999999998	0	0	0.0023921243904683	0.0023412350014633	-5.14285714285714	*	*
temp_vcf4_SM_AS17.vcf	Brahy.D02G0446500.v1.1	0	0	0	18	1499.33333333334	528.666666666666	0	0	0	0.034047919293821	-8	*	*
temp_vcf4_SM_AS17.vcf	Brahy.D02G0446700.v1.1	0	0	1	0	897.333333333332	293.666666666667	0	0	0.00111441307578009	0	0	*	*
temp_vcf4_SM_AS17.vcf	Brahy.D02G0446800.v1.1	0	0	2	14	818.333333333333	339.666666666666	0	0	0.00244399185336049	0.041216879293425	-3	*	*
temp_vcf4_SM_AS17.vcf	Brahy.D02G0447000.v1.1	0	0	12	3	920.999999999999	327	0	0	0.0130293159609121	0.00917431192660551	0	*	*
temp_vcf4_SM_AS17.vcf	Brahy.D02G0451300.v1.1	0	0	0	0	1763.33333333334	546.666666666665	0	0	0	0	*	*	*
temp_vcf4_SM_AS17.vcf	Brahy.D02G0451600.v1.1	0	0	0	0	510.5	182.5	0	0	0	0	*	*	*
temp_vcf4_SM_AS17.vcf	Brahy.D02G0452300.v1.1	0	0	1	0	593.333333333333	219.666666666667	0	0	0.00168539325842697	0	0	*	*
temp_vcf4_SM_AS17.vcf	Brahy.D02G0453300.v1.1	11.7940017169469	10.480077772474	6.75547471251733	14.6254896638883	1308.30123074136	423.730019258638	0.00901474480021983	0.0247329131667614	0.00516354686044991	0.0345160573930477	0.401076880008566	0.444834724016239	0.414909838762597
temp_vcf4_SM_AS17.vcf	Brahy.D02G0456900.v1.1	0	0	0	0	1082.66666666667	324.333333333333	0	0	0	0	*	*	*
temp_vcf4_SM_AS17.vcf	Brahy.D02G0458800.v1.1	0	0	2	3	430.5	133.5	0	0	0.00464576074332172	0.0224719101123596	0	*	*
temp_vcf4_SM_AS17.vcf	Brahy.D02G0471500.v1.1	0	0	0	2	837.666666666666	263.333333333334	0	0	0	0.00759493670886075	0	*	*
temp_vcf4_SM_AS17.vcf	Brahy.D02G0472000.v1.1	0	0	0	1	1843.33333333334	601.666666666667	0	0	0	0.00166204986149585	0	*	*
temp_vcf4_SM_AS17.vcf	Brahy.D02G0474600.v1.1	0.391304347826087	0	1.75	2	1346.33333333334	438.666666666665	0.000290644477216702	0	0.0012998266897747	0.00455927051671734	0.09375	0.375	*
temp_vcf4_SM_AS17.vcf	Brahy.D02G0478500.v1.1	0	0	13	5	1110.5	371.499999999999	0	0	0.0117064385411977	0.0134589502018843	0	*	*
temp_vcf4_SM_AS17.vcf	Brahy.D02G0484500.v1.1	0.722604491025544	0	18.1447811447811	11.2	997.087654320985	280.912345679012	0.000724715111950349	0	0.0181977793688938	0.0398700882046594	0.0215266015939417	0.229617083668711	*
temp_vcf4_SM_AS17.vcf	Brahy.D02G0487300.v1.1	0	0	34.9655172413793	46.0344827586207	1842.50000000001	671.500000000001	0	0	0.0189772142422682	0.0685547025444834	0	*	*
temp_vcf4_SM_AS17.vcf	Brahy.D02G0488700.v1.1	0.466666666666667	0.718518518518519	24.7	20.5074074074074	2863.16049382715	961.839506172843	0.000162990048120872	0.000747025375758895	0.00862683040411186	0.0213210283792629	0.0228993374777457	0.42	0.218756287151349
temp_vcf4_SM_AS17.vcf	Brahy.D02G0488900.v1.1	0	0	0	0	1006.66666666666	340.333333333333	0	0	0	0	*	*	*
temp_vcf4_SM_AS17.vcf	Brahy.D02G0489100.v1.1	0	0	2260	2220	558775.333333286	156769.666666689	0	0	0.00404455935182093	0.0141609027256528	-161.216	*	*
temp_vcf4_SM_AS17.vcf	Brahy.D02G0489400.v1.1	0	0	7	0	1239.66666666667	404.333333333333	0	0	0.00564667921484269	0	0	*	*
temp_vcf4_SM_AS17.vcf	Brahy.D02G0489700.v1.1	0	0	0	0	822.666666666665	260.333333333334	0	0	0	0	*	*	*
temp_vcf4_SM_AS17.vcf	Brahy.D02G0490000.v1.1	0	0	1	2	760.333333333333	247.666666666667	0	0	0.00131521262604121	0.00807537012113054	0	*	*
temp_vcf4_SM_AS17.vcf	Brahy.D02G0492200.v1.1	0	0	0	0	609.166666666667	221.833333333334	0	0	0	0	*	*	*
temp_vcf4_SM_AS17.vcf	Brahy.D02G0492500.v1.1	0	0	5	12	3069.83333333332	872.166666666671	0	0	0.00162875291818232	0.0137588381425568	-2.66666666666667	*	*
temp_vcf4_SM_AS17.vcf	Brahy.D02G0492700.v1.1	1.72747252747253	3.21318681318681	98.0714285714286	29	8715.68792517018	2500.04166666668	0.0001982026596528	0.00128525330438631	0.0112522877612686	0.0115998066698888	-10.3374001774623	0.446428571428571	0.375
temp_vcf4_SM_AS17.vcf	Brahy.D02G0492800.v1.1	0	0	1	0	1966.50000000001	598.499999999999	0	0	0.000508517670989066	0	0	*	*
temp_vcf4_SM_AS17.vcf	Brahy.D02G0494600.v1.1	0	0	0	0	492.000000000001	153	0	0	0	0	*	*	*
temp_vcf4_SM_AS17.vcf	Brahy.D02G0496600.v1.1	0	0	0	1	802.333333333333	271.666666666667	0	0	0	0.00368098159509202	0	*	*
temp_vcf4_SM_AS17.vcf	Brahy.D02G0496700.v1.1	0	0	0	0	489.333333333334	149.666666666667	0	0	0	0	*	*	*
temp_vcf4_SM_AS17.vcf	Brahy.D02G0501600.v1.1	0	0	4	5	3195.16666666666	947.833333333338	0	0	0.00125189087684524	0.0052751890276068	-0.857142857142857	*	*
temp_vcf4_SM_AS17.vcf	Brahy.D02G0501800.v1.1	0	0	0	8	1726.66666666667	523.333333333331	0	0	0	0.0152866242038217	-3	*	*
temp_vcf4_SM_AS17.vcf	Brahy.D02G0503200.v1.1	0	0	2	1	738.833333333333	284.166666666667	0	0	0.00270697044890593	0.00351906158357771	0	*	*
temp_vcf4_SM_AS17.vcf	Brahy.D02G0504800.v1.1	0	0	178	184	8039.66666666675	2199.33333333333	0	0	0.0221402214022138	0.0836617156714158	-14.2352941176471	*	*
temp_vcf4_SM_AS17.vcf	Brahy.D02G0506400.v1.1	0	0	3	2	939.333333333332	293.666666666667	0	0	0.00319375443577005	0.00681044267877412	0	*	*
temp_vcf4_SM_AS17.vcf	Brahy.D02G0509100.v1.1	0	0	16	6	2407.16666666667	772.833333333335	0	0	0.00664681852800665	0.00776364028466679	0	*	*
temp_vcf4_SM_AS17.vcf	Brahy.D02G0509200.v1.1	0	0	0	3	760.999999999999	262	0	0	0	0.0114503816793893	0	*	*
temp_vcf4_SM_AS17.vcf	Brahy.D02G0510500.v1.1	0	0	1	2	641.166666666667	213.833333333334	0	0	0.00155965687548739	0.0093530787217459	0	*	*
temp_vcf4_SM_AS17.vcf	Brahy.D02G0510600.v1.1	0	0	1	0	741.999999999999	215	0	0	0.00134770889487871	0	0	*	*
temp_vcf4_SM_AS17.vcf	Brahy.D02G0512300.v1.1	1.05494505494505	2.96263736263736	18.4285714285714	26.6571428571429	3097.2925170068	913.707482993201	0.000340602332247439	0.00324243526268615	0.00594989699144745	0.0291747012619587	-2.07548299319728	0.471510204081633	0.459319727891156
temp_vcf4_SM_AS17.vcf	Brahy.D02G0518000.v1.1	0	0	30.9777777777778	31.0222222222222	2704.33333333333	793.66666666667	0	0	0.011454866674884	0.0390872182556347	0	*	*
temp_vcf4_SM_AS17.vcf	Brahy.D02G0521600.v1.1	0	0	0	0	655	218	0	0	0	0	*	*	*
temp_vcf4_SM_AS17.vcf	Brahy.D02G0521900.v1.1	0	0	83.505	65.76	7583.89500241684	2111.05962920829	0	0	0.0110108328205215	0.0311502333189243	-7.91529558823529	*	*
temp_vcf4_SM_AS17.vcf	Brahy.D02G0522000.v1.1	0	0	3	1	913.166666666665	316.833333333333	0	0	0.00328527103486038	0.00315623356128354	0	*	*
temp_vcf4_SM_AS17.vcf	Brahy.D02G0522400.v1.1	0	0	21.9487179487179	41.9487179487179	4340.79487179485	1331.89743589744	0	0	0.00505638220578769	0.0314954566456184	-2.98734385272847	*	*
temp_vcf4_SM_AS17.vcf	Brahy.D02G0526200.v1.1	0	0	0	0	782.666666666666	228.333333333333	0	0	0	0	*	*	*
temp_vcf4_SM_AS17.vcf	Brahy.D02G0527100.v1.1	0	0	1	0	866.999999999999	264	0	0	0.00115340253748558	0	0	*	*
temp_vcf4_SM_AS17.vcf	Brahy.D02G0528400.v1.1	0	0	2	0	832.999999999999	298	0	0	0.00240096038415366	0	0	*	*
temp_vcf4_SM_AS17.vcf	Brahy.D02G0528800.v1.1	0	0	2	1	1478.83333333333	462.166666666665	0	0	0.00135241744618505	0.00216372160115399	0	*	*
temp_vcf4_SM_AS17.vcf	Brahy.D02G0529900.v1.1	0	0	0	1	711.833333333333	242.166666666667	0	0	0	0.00412938747419132	0	*	*
temp_vcf4_SM_AS17.vcf	Brahy.D02G0531400.v1.1	0	0	0	0	548.5	177.5	0	0	0	0	*	*	*
temp_vcf4_SM_AS17.vcf	Brahy.D02G0537100.v1.1	0	0	16	12	4438.16666666665	1315.83333333333	0	0	0.00360509219272224	0.00911969601013299	0	*	*
temp_vcf4_SM_AS17.vcf	Brahy.D02G0540600.v1.1	0.728516694033935	0.590250329380764	5.24137931034483	3.34057971014493	866.604269293923	269.752873563219	0.000840656710158495	0.00218811507578782	0.00604818080877366	0.0123838521755804	0.105673145249389	0.351482685821059	0.282556185675278
temp_vcf4_SM_AS17.vcf	Brahy.D02G0542500.v1.1	0.419047619047619	0.247619047619048	3.26666666666667	4.86666666666667	1035.7	377.3	0.000404603281884348	0.000656292201481706	0.00315406649287117	0.0128986659598905	0.0691358024691358	0.391111111111111	0.231111111111111
temp_vcf4_SM_AS17.vcf	Brahy.D02G0543100.v1.1	0	0	0	1	544.333333333334	175.666666666667	0	0	0	0.00569259962049336	0	*	*
temp_vcf4_SM_AS17.vcf	Brahy.D02G0546300.v1.1	0	0	0	0	574	200	0	0	0	0	*	*	*
temp_vcf4_SM_AS17.vcf	Brahy.D02G0546800.v1.1	0	0	2	2	587	205	0	0	0.00340715502555366	0.0097560975609756	0	*	*
temp_vcf4_SM_AS17.vcf	Brahy.D02G0547400.v1.1	0	0	0	0	1062.83333333333	353.166666666666	0	0	0	0	0	*	*
temp_vcf4_SM_AS17.vcf	Brahy.D02G0551000.v1.1	0	0	1	1	1020.16666666666	344.833333333333	0	0	0.000980231988237218	0.00289995166747221	0	*	*
temp_vcf4_SM_AS17.vcf	Brahy.D02G0552300.v1.1	0.308823529411765	0	6.17647058823529	3	1312.60784313725	406.392156862744	0.00023527478601198	0	0.00470549572023961	0.00738203223004923	0.0290657439446367	0.290657439446367	*
temp_vcf4_SM_AS17.vcf	Brahy.D02G0553200.v1.1	0	0	0	0	345.333333333333	131.666666666667	0	0	0	0	*	*	*
temp_vcf4_SM_AS17.vcf	Brahy.D02G0554800.v1.1	0	0	2	0	630.833333333334	239.166666666667	0	0	0.00317040951122853	0	0	*	*
temp_vcf4_SM_AS17.vcf	Brahy.D02G0555500.v1.1	0	0	0	0	107.166666666667	30.8333333333333	0	0	0	0	*	*	*
temp_vcf4_SM_AS17.vcf	Brahy.D02G0555800.v1.1	0.603174603174603	0	47.8666666666667	33.8	2747.92222222222	867.077777777781	0.000219502065341144	0	0.0174192217958619	0.0389815087714801	0.00672086720867208	0.275555555555555	*
temp_vcf4_SM_AS17.vcf	Brahy.D02G0563000.v1.1	0	0	1	1	548.333333333334	183.666666666667	0	0	0.00182370820668693	0.00544464609800363	0	*	*
temp_vcf4_SM_AS17.vcf	Brahy.D02G0563400.v1.1	1.45454545454546	0.484848484848485	40.2777777777778	111.5	4881.13580246914	1544.72993827158	0.000297993236289322	0.000313872653618009	0.00825172242849771	0.0721809018117165	-9.27659069325736	0.444444444444444	0.444444444444444
temp_vcf4_SM_AS17.vcf	Brahy.D02G0569900.v1.1	0	0	3	2	385	128	0	0	0.00779220779220779	0.015625	0	*	*
temp_vcf4_SM_AS17.vcf	Brahy.D02G0570300.v1.1	0	0	1	1	632.166666666667	183.833333333333	0	0	0.00158186132349064	0.00543970988213961	0	*	*
temp_vcf4_SM_AS17.vcf	Brahy.D02G0570400.v1.1	0	0	1	0	1262.66666666667	393.333333333333	0	0	0.000791974656810982	0	0	*	*
temp_vcf4_SM_AS17.vcf	Brahy.D02G0571100.v1.1	0	0	2	0	1230.16666666667	404.833333333332	0	0	0.00162579596260669	0	0	*	*
temp_vcf4_SM_AS17.vcf	Brahy.D02G0571900.v1.1	3.94285714285714	0.944805194805195	7.60357142857143	11.452380952381	1127.64047619047	399.359523809523	0.00349655517526061	0.00236580108517914	0.00674290395663935	0.0286768695113009	0.157023922902494	0.440264010366051	0.421875
temp_vcf4_SM_AS17.vcf	Brahy.D02G0573300.v1.1	0	0	1	1	516.5	176.5	0	0	0.00193610842207163	0.0056657223796034	0	*	*
temp_vcf4_SM_AS17.vcf	Brahy.D02G0573700.v1.1	0	0	4	32	1618	493.999999999999	0	0	0.00247218788627935	0.0647773279352228	-3	*	*
temp_vcf4_SM_AS17.vcf	Brahy.D02G0574900.v1.1	0	0	0	0	257.166666666667	90.8333333333333	0	0	0	0	*	*	*
temp_vcf4_SM_AS17.vcf	Brahy.D02G0577000.v1.1	0	0	16	13	3218.49999999999	1017.50000000001	0	0	0.00497125990368186	0.0127764127764127	0	*	*
temp_vcf4_SM_AS17.vcf	Brahy.D02G0577300.v1.1	0.064516129032258	0	12.9677419354839	13	3290.33333333332	1044.66666666667	1.96077790595456e-05	0	0.00394116359096868	0.0124441608168474	0.00240134475306171	0.0624349635796044	*
temp_vcf4_SM_AS17.vcf	Brahy.D02G0582000.v1.1	0	0	4	2	985.999999999999	358	0	0	0.00405679513184585	0.00558659217877095	0	*	*
temp_vcf4_SM_AS17.vcf	Brahy.D02G0582600.v1.1	0	0	3	0	949.999999999998	319	0	0	0.00315789473684211	0	0	*	*
temp_vcf4_SM_AS17.vcf	Brahy.D02G0583700.v1.1	0	0.263736263736264	10.8571428571429	9	1375	439.999999999999	0	0.000599400599400601	0.00789610389610388	0.0204545454545455	0.0116618075801749	*	0.244897959183674
temp_vcf4_SM_AS17.vcf	Brahy.D02G0584300.v1.1	0	0	0	0	1513.33333333333	523.666666666666	0	0	0	0	*	*	*
temp_vcf4_SM_AS17.vcf	Brahy.D02G0585800.v1.1	0	0	3	3	1210.5	397.499999999999	0	0	0.00247831474597274	0.00754716981132077	0	*	*
temp_vcf4_SM_AS17.vcf	Brahy.D02G0586200.v1.1	0	0	3	2	1065	401.999999999999	0	0	0.00281690140845071	0.00497512437810946	0	*	*
temp_vcf4_SM_AS17.vcf	Brahy.D02G0586500.v1.1	0.151472650771388	0	7	6.92426367461431	1031.52898550724	375.471014492753	0.000146842844844445	0	0.00678604295017247	0.0184415398455423	0.0104007690701608	0.0728053834911254	*
temp_vcf4_SM_AS17.vcf	Brahy.D02G0586600.v1.1	0	0	8	4	3611.66666666665	1122.33333333334	0	0	0.00221504383940933	0.00356400356400355	-3	*	*
temp_vcf4_SM_AS17.vcf	Brahy.D02G0588100.v1.1	0	0	14	8	899.499999999999	300.5	0	0	0.0155642023346304	0.0266222961730449	0	*	*
temp_vcf4_SM_AS17.vcf	Brahy.D02G0588500.v1.1	0.493048713738369	0.591903040415276	0.276190476190476	0.352083333333333	1080.33333333333	395.666666666666	0.000456385727002502	0.00149596387636549	0.000255653017146384	0.000889848357203034	0.262229264101474	0.238004535147392	0.286453993055556
temp_vcf4_SM_AS17.vcf	Brahy.D02G0588600.v1.1	0	0	8	7.27272727272727	2788.30303030302	1040.51515151515	0	0	0.00286912861086357	0.0069895448058945	-2.66942148760331	*	*
temp_vcf4_SM_AS17.vcf	Brahy.D02G0589700.v1.1	0	0	3	1	768.333333333332	251.666666666667	0	0	0.00390455531453363	0.00397350993377482	0	*	*
temp_vcf4_SM_AS17.vcf	Brahy.D02G0591300.v1.1	0	0	3	6	1222.66666666667	370.333333333333	0	0	0.002453653217012	0.0162016201620162	0	*	*
temp_vcf4_SM_AS17.vcf	Brahy.D02G0593100.v1.1	0	0	4	3	660.666666666666	206.333333333333	0	0	0.00605449041372351	0.0145395799676898	0	*	*
temp_vcf4_SM_AS17.vcf	Brahy.D02G0596600.v1.1	0	0	1	0	753.333333333332	254.666666666667	0	0	0.00132743362831859	0	0	*	*
temp_vcf4_SM_AS17.vcf	Brahy.D02G0599400.v1.1	0.246305418719212	0.246305418719212	3.13793103448276	2.13793103448276	832.522988505746	310.477011494253	0.000295854195163179	0.000793312901118836	0.0037691824463789	0.0068859559817115	0.0679463224052999	0.237812128418549	0.237812128418549
temp_vcf4_SM_AS17.vcf	Brahy.D02G0600200.v1.1	0	0	0	0	157.666666666667	49.3333333333333	0	0	0	0	*	*	*
temp_vcf4_SM_AS17.vcf	Brahy.D02G0601300.v1.1	0	0	0	0	399.5	134.5	0	0	0	0	*	*	*
temp_vcf4_SM_AS17.vcf	Brahy.D02G0602600.v1.1	0	0	0	0	175.333333333333	52.6666666666667	0	0	0	0	*	*	*
temp_vcf4_SM_AS17.vcf	Brahy.D02G0603100.v1.1	6.0963774542196	2.42793268003412	4.74692718036309	4.52354125116645	1420.5325630783	473.035004489272	0.00429161401341532	0.00513267021888902	0.00334165319665499	0.00956280446105769	0.332139629034399	0.371083174960597	0.394359987748405
temp_vcf4_SM_AS17.vcf	Brahy.D02G0603700.v1.1	0	0	12	12	3516.49999999998	1052.50000000001	0	0	0.00341248400398125	0.0114014251781472	-3	*	*
temp_vcf4_SM_AS17.vcf	Brahy.D02G0605600.v1.1	0.246753246753247	0.165775401069519	8.86363636363636	3.91176470588235	871.666666666665	283.333333333333	0.000283082118646173	0.000585089650833595	0.010168607682948	0.0138062283737024	0.0304951418509141	0.235537190082645	0.160899653979239
temp_vcf4_SM_AS17.vcf	Brahy.D02G0606000.v1.1	0	0	11	11	924.333333333332	287.666666666667	0	0	0.0119004688063469	0.0382387022016222	0	*	*
temp_vcf4_SM_AS17.vcf	Brahy.D02G0608300.v1.1	0	0	6	14	1439.66666666667	525.333333333333	0	0	0.00416763139615651	0.0266497461928934	-3	*	*
temp_vcf4_SM_AS17.vcf	Brahy.D02G0609300.v1.1	0	0	4	0	672	210	0	0	0.00595238095238095	0	-3	*	*
temp_vcf4_SM_AS17.vcf	Brahy.D02G0609500.v1.1	0	0	8	3	838.999999999999	274	0	0	0.0095351609058403	0.010948905109489	0	*	*
temp_vcf4_SM_AS17.vcf	Brahy.D02G0610100.v1.1	0	0	6	4	1328.5	408.499999999999	0	0	0.00451637184794881	0.0097919216646267	0	*	*
temp_vcf4_SM_AS17.vcf	Brahy.D02G0614600.v1.1	1.0591360877429	1.77702563857318	0.866826285169938	1.93104241696679	863.670794633642	279.329205366357	0.00122631921135202	0.00636176097749071	0.00100365358022513	0.00691314184076852	0.308197197516053	0.344499553198071	0.348055223610052
temp_vcf4_SM_AS17.vcf	Brahy.D02G0616800.v1.1	0	0	1	1	489.833333333334	167.166666666667	0	0	0.00204151071793127	0.00598205383848455	0	*	*
temp_vcf4_SM_AS17.vcf	Brahy.D02G0617300.v1.1	0	0	1	2	325	122	0	0	0.00307692307692308	0.0163934426229508	0	*	*
temp_vcf4_SM_AS17.vcf	Brahy.D02G0617900.v1.1	5.16766403531109	1.99845286292655	1.41176470588235	5.1218333824758	557.035294117648	191.364705882353	0.00927708547354571	0.0104431632453434	0.00253442595252175	0.0267647754525048	0.372499771654329	0.403696565694224	0.372127420289445
temp_vcf4_SM_AS17.vcf	Brahy.D02G0618100.v1.1	2.67835497835498	1.62178932178932	5.23181818181818	6.4484126984127	1827.05833333334	548.941666666666	0.00146593840464224	0.00295439282581208	0.00286352005645769	0.0117469907824074	0.206673032237076	0.426504132231405	0.345230221718317
temp_vcf4_SM_AS17.vcf	Brahy.D02G0618800.v1.1	0	0.432757718472004	2	2.08634222919937	1821.72108843538	602.278911564626	0	0.000718533739372955	0.00109786290156949	0.0034640798293591	0.0692052210329851	*	0.207615663098955
temp_vcf4_SM_AS17.vcf	Brahy.D02G0619000.v1.1	0	0	0	0	1466.66666666667	543.333333333333	0	0	0	0	*	*	*
temp_vcf4_SM_AS17.vcf	Brahy.D02G0619400.v1.1	0	0	1	1	342.166666666667	104.833333333333	0	0	0.00292255236239649	0.00953895071542131	0	*	*
temp_vcf4_SM_AS17.vcf	Brahy.D02G0620000.v1.1	0	0	8	9	4051.16666666664	1273.83333333334	0	0	0.00197473978689268	0.00706528849928038	0	*	*
temp_vcf4_SM_AS17.vcf	Brahy.D02G0622300.v1.1	0	0	0	4	2023.00000000001	592.999999999999	0	0	0	0.00674536256323778	-3	*	*
temp_vcf4_SM_AS17.vcf	Brahy.D02G0623800.v1.1	0.323076923076923	0	3.19230769230769	4	1706.20512820513	519.79487179487	0.000189354092152324	0	0.00187099876769559	0.00769534333070247	0.0388313609467456	0.310650887573964	*
temp_vcf4_SM_AS17.vcf	Brahy.D02G0624700.v1.1	0	0	1	1	213.333333333333	62.6666666666667	0	0	0.0046875	0.0159574468085106	0	*	*
temp_vcf4_SM_AS17.vcf	Brahy.D02G0627400.v1.1	0	0	2	6	1984.66666666667	679.333333333334	0	0	0.00100772589855559	0.00883218842001962	-3	*	*
temp_vcf4_SM_AS17.vcf	Brahy.D02G0628400.v1.1	0	0	106	147	30174.6666666679	6617.33333333312	0	0	0.00351288056206075	0.0222143864598033	-109.2	*	*
temp_vcf4_SM_AS17.vcf	Brahy.D02G0628800.v1.1	0	0	6	1	2779.66666666666	865.333333333337	0	0	0.00215853219810529	0.00115562403697996	0	*	*
temp_vcf4_SM_AS17.vcf	Brahy.D02G0629500.v1.1	0	0	0	0	1942.00000000001	665.000000000001	0	0	0	0	*	*	*
temp_vcf4_SM_AS17.vcf	Brahy.D02G0630000.v1.1	0.6	0.533333333333333	12	13.6727272727273	1480.86666666667	487.133333333332	0.000405168144780083	0.00109484056384289	0.00810336289560166	0.0280677308185178	0.034238683127572	0.48	0.444444444444444
temp_vcf4_SM_AS17.vcf	Brahy.D02G0632400.v1.1	0	0	2	0	903.166666666665	305.833333333334	0	0	0.00221443070677247	0	0	*	*
temp_vcf4_SM_AS17.vcf	Brahy.D02G0632600.v1.1	0	0	0	0	1188.83333333333	401.166666666666	0	0	0	0	*	*	*
temp_vcf4_SM_AS17.vcf	Brahy.D02G0634800.v1.1	0	0	188	152	13198.333333333	3634.66666666676	0	0	0.0142442227553988	0.0418195157740269	-15	*	*
temp_vcf4_SM_AS17.vcf	Brahy.D02G0635600.v1.1	0	0	0	0	1063.16666666666	370.833333333333	0	0	0	0	*	*	*
temp_vcf4_SM_AS17.vcf	Brahy.D02G0636500.v1.1	0	0	2	1	1030.33333333333	349.666666666666	0	0	0.0019411193788418	0.00285986653956149	0	*	*
temp_vcf4_SM_AS17.vcf	Brahy.D02G0637000.v1.1	0	0	0	4	1695.33333333334	593.666666666666	0	0	0	0.00673778775968557	-3	*	*
temp_vcf4_SM_AS17.vcf	Brahy.D02G0637400.v1.1	0	0	1	3	657.5	191.5	0	0	0.00152091254752852	0.0156657963446475	0	*	*
temp_vcf4_SM_AS17.vcf	Brahy.D02G0638400.v1.1	0	0	1	0	884.999999999999	330	0	0	0.00112994350282486	0	0	*	*
temp_vcf4_SM_AS17.vcf	Brahy.D02G0638800.v1.1	0	0	0	0	224.166666666667	81.8333333333333	0	0	0	0	*	*	*
temp_vcf4_SM_AS17.vcf	Brahy.D02G0640300.v1.1	0.903030303030303	0	3.42727272727273	1	969.349999999998	341.65	0.000931583332161041	0	0.00353564009622194	0.00292697204741695	0.163338842975207	0.408347107438017	*
temp_vcf4_SM_AS17.vcf	Brahy.D02G0640500.v1.1	0	0	8	5	884.833333333332	306.166666666667	0	0	0.00904125070634773	0.0163309744148068	0	*	*
temp_vcf4_SM_AS17.vcf	Brahy.D02G0642200.v1.1	0	0	0	0	1127.33333333333	408.666666666666	0	0	0	0	*	*	*
temp_vcf4_SM_AS17.vcf	Brahy.D02G0642400.v1.1	0	0	0	0	1126.33333333333	385.666666666666	0	0	0	0	*	*	*
temp_vcf4_SM_AS17.vcf	Brahy.D02G0645600.v1.1	0	0	4	1	851.333333333332	252.666666666667	0	0	0.00469851213782303	0.00395778364116094	0	*	*
temp_vcf4_SM_AS17.vcf	Brahy.D02G0647900.v1.1	0	0	1	0	609.833333333333	200.166666666667	0	0	0.00163979229297622	0	0	*	*
temp_vcf4_SM_AS17.vcf	Brahy.D02G0648800.v1.1	0	0	0	0	1155.33333333333	404.666666666666	0	0	0	0	*	*	*
temp_vcf4_SM_AS17.vcf	Brahy.D02G0652100.v1.1	0	0	0	0	311	106	0	0	0	0	*	*	*
temp_vcf4_SM_AS17.vcf	Brahy.D02G0654500.v1.1	0	0.0769230769230769	1	2.96153846153846	655.5	211.5	0	0.000363702491362065	0.0015255530129672	0.0140025459174395	0.018491124260355	*	0.0739644970414202
temp_vcf4_SM_AS17.vcf	Brahy.D02G0654800.v1.1	0	0	4	1	592.333333333334	199.666666666667	0	0	0.00675295441755768	0.00500834724540901	0	*	*
temp_vcf4_SM_AS17.vcf	Brahy.D02G0658400.v1.1	0	0	1	1	1105	349.999999999999	0	0	0.000904977375565612	0.00285714285714286	0	*	*
temp_vcf4_SM_AS17.vcf	Brahy.D02G0660400.v1.1	0	0	1	0	763.999999999999	238	0	0	0.00130890052356021	0	0	*	*
temp_vcf4_SM_AS17.vcf	Brahy.D02G0660600.v1.1	2.44749602335205	1.89196594366086	1.65334644368059	1.90681818181818	1633.1174863388	571.882513661202	0.00149866500348298	0.00330831228174553	0.00101238671284277	0.00333428306735714	0.474159136609221	0.48149677647511	0.46498708677686
temp_vcf4_SM_AS17.vcf	Brahy.D02G0660800.v1.1	0	0	1	1	1658.16666666667	564.833333333332	0	0	0.000603075685998591	0.00177043375627029	0	*	*
temp_vcf4_SM_AS17.vcf	Brahy.D02G0660900.v1.1	1	3.10989010989011	13.3162393162393	21.4920634920635	3055.98090228859	992.685764378077	0.000327227175814846	0.00313280417780391	0.00435743538392761	0.0216504197635275	-1.77148542227907	0.465740852554039	0.492211085617679
temp_vcf4_SM_AS17.vcf	Brahy.D02G0661700.v1.1	0.0555555555555556	0	1.97222222222222	2	1143.15740740741	371.842592592592	4.85983427965107e-05	0	0.00172524116927613	0.00537861998555742	0.0135030864197531	0.0540123456790125	*
temp_vcf4_SM_AS17.vcf	Brahy.D02G0663600.v1.1	0	0	2	4	889.999999999998	307	0	0	0.00224719101123596	0.0130293159609121	0	*	*
temp_vcf4_SM_AS17.vcf	Brahy.D02G0664200.v1.1	0	0	7	7	1280.33333333333	429.666666666665	0	0	0.00546732621713095	0.0162916989914663	0	*	*
temp_vcf4_SM_AS17.vcf	Brahy.D02G0664400.v1.1	0	0	0	0	1006.66666666666	331.333333333333	0	0	0	0	*	*	*
temp_vcf4_SM_AS17.vcf	Brahy.D02G0667000.v1.1	0	0	4	1	2091.16666666667	635.833333333334	0	0	0.00191280784251215	0.00157273918741808	0	*	*
temp_vcf4_SM_AS17.vcf	Brahy.D02G0667800.v1.1	0	0	1	1	502.666666666667	142.333333333333	0	0	0.0019893899204244	0.00702576112412178	0	*	*
temp_vcf4_SM_AS17.vcf	Brahy.D02G0668600.v1.1	0.0689655172413792	0	3.96551724137931	2	882.522988505745	269.477011494253	7.81458592462832e-05	0	0.00449338690666129	0.00742178336070292	0.0110978993261989	0.0665873959571937	*
temp_vcf4_SM_AS17.vcf	Brahy.D02G0668800.v1.1	0	0	4	1	416	118	0	0	0.00961538461538461	0.00847457627118645	0	*	*
temp_vcf4_SM_AS17.vcf	Brahy.D02G0673600.v1.1	0	0	12	19	870.333333333333	284.666666666667	0	0	0.0137878207583302	0.0667447306791569	0	*	*
temp_vcf4_SM_AS17.vcf	Brahy.D02G0673800.v1.1	0	0	10	2	426	150	0	0	0.0234741784037559	0.0133333333333333	0	*	*
temp_vcf4_SM_AS17.vcf	Brahy.D02G0674800.v1.1	0.327272727272727	0	12.8181818181818	4	1168.68181818182	376.318181818181	0.000280035782349967	0	0.0109680681420404	0.0106293030559246	0.0175012153621779	0.297520661157025	*
temp_vcf4_SM_AS17.vcf	Brahy.D02G0676400.v1.1	0	0	2	5	1300.16666666667	457.833333333333	0	0	0.00153826432508653	0.0109210047324354	0	*	*
temp_vcf4_SM_AS17.vcf	Brahy.D02G0676700.v1.1	0	0	17.0204081632653	11.9795918367347	2088.16666666667	668.833333333334	0	0	0.00815088586316478	0.017911176431699	0	*	*
temp_vcf4_SM_AS17.vcf	Brahy.D02G0678400.v1.1	0	0	2	0	399.166666666667	146.833333333333	0	0	0.00501043841336117	0	0	*	*
temp_vcf4_SM_AS17.vcf	Brahy.D02G0680200.v1.1	0	0	1	0	500.833333333334	168.166666666667	0	0	0.00199667221297837	0	0	*	*
temp_vcf4_SM_AS17.vcf	Brahy.D02G0682600.v1.1	0	0	0	0	347.833333333333	99.1666666666666	0	0	0	0	*	*	*
temp_vcf4_SM_AS17.vcf	Brahy.D02G0683300.v1.1	0	0	3	1	1132.33333333333	373.666666666666	0	0	0.00264939652634678	0.00267618198037467	0	*	*
temp_vcf4_SM_AS17.vcf	Brahy.D02G0683400.v1.1	0.0526315789473684	0	6.97368421052632	4	1195.98245614035	385.017543859648	4.4006982441214e-05	0	0.00583092517346086	0.0103891369725691	0.00465877612692016	0.0512465373961217	*
temp_vcf4_SM_AS17.vcf	Brahy.D02G0685300.v1.1	0.0689655172413792	0	5.96551724137931	11	1821.33333333334	584.666666666666	3.78654011208157e-05	0	0.00327535719695057	0.0188141391106043	0.00369929977539965	0.0665873959571937	*
temp_vcf4_SM_AS17.vcf	Brahy.D02G0687800.v1.1	0	0	0	0	280.833333333333	112.166666666667	0	0	0	0	*	*	*
temp_vcf4_SM_AS17.vcf	Brahy.D02G0688000.v1.1	0	0	0	0	4131.83333333331	1178.16666666667	0	0	0	0	*	*	*
temp_vcf4_SM_AS17.vcf	Brahy.D02G0688200.v1.1	0	0	0	0	2857.16666666666	865.833333333336	0	0	0	0	*	*	*
temp_vcf4_SM_AS17.vcf	Brahy.D02G0688400.v1.1	0	0	0	0	1002.66666666666	314.333333333333	0	0	0	0	*	*	*
temp_vcf4_SM_AS17.vcf	Brahy.D02G0689100.v1.1	0	0	1	0	740.5	261.5	0	0	0.00135043889264011	0	0	*	*
temp_vcf4_SM_AS17.vcf	Brahy.D02G0689200.v1.1	0	0	1	0	725.999999999999	261	0	0	0.00137741046831956	0	0	*	*
temp_vcf4_SM_AS17.vcf	Brahy.D02G0689400.v1.1	0	0	4	0	2117	682.000000000001	0	0	0.00188946622579121	0	-3	*	*
temp_vcf4_SM_AS17.vcf	Brahy.D02G0690000.v1.1	0	0	4	4	4729.66666666666	1369.33333333333	0	0	0.000845725562055114	0.002921129503408	-3	*	*
temp_vcf4_SM_AS17.vcf	Brahy.D02G0690600.v1.1	0	0	0	0	153	54	0	0	0	0	*	*	*
temp_vcf4_SM_AS17.vcf	Brahy.D02G0692600.v1.1	0	0	0	0	1499	528.999999999998	0	0	0	0	*	*	*
temp_vcf4_SM_AS17.vcf	Brahy.D02G0695700.v1.1	0	0	9	2	763.666666666666	241.333333333334	0	0	0.0117852466171977	0.00828729281767954	0	*	*
temp_vcf4_SM_AS17.vcf	Brahy.D02G0696500.v1.1	0	0	21	16	1763.33333333334	537.666666666666	0	0	0.0119092627599243	0.0297582145071296	0	*	*
temp_vcf4_SM_AS17.vcf	Brahy.D02G0697600.v1.1	0	0.5	7	4.75	1322.58333333333	426.416666666666	0	0.00117256204807505	0.00529267216936551	0.0111393394567129	0.03125	*	0.375
temp_vcf4_SM_AS17.vcf	Brahy.D02G0697700.v1.1	0	0	34	35	2529.5	785.500000000002	0	0	0.0134413915793635	0.0445576066199872	-1.95348837209302	*	*
temp_vcf4_SM_AS17.vcf	Brahy.D02G0702600.v1.1	0	0	6	8	373	125	0	0	0.0160857908847185	0.0640000000000001	0	*	*
temp_vcf4_SM_AS17.vcf	Brahy.D02G0703100.v1.1	0	0	3	1	799.166666666665	280.833333333333	0	0	0.0037539103232534	0.00356083086053413	0	*	*
temp_vcf4_SM_AS17.vcf	Brahy.D02G0703400.v1.1	0	0	2	2	879.666666666666	296.333333333333	0	0	0.00227358848048503	0.00674915635545557	0	*	*
temp_vcf4_SM_AS17.vcf	Brahy.D02G0704000.v1.1	0	0	1	0	421	161	0	0	0.00237529691211401	0	0	*	*
temp_vcf4_SM_AS17.vcf	Brahy.D02G0704600.v1.1	0	0	7	7	1141.16666666667	352.833333333333	0	0	0.00613407331678108	0.0198393953708078	0	*	*
temp_vcf4_SM_AS17.vcf	Brahy.D02G0704800.v1.1	0	0	1	1	481.333333333334	148.666666666667	0	0	0.0020775623268698	0.00672645739910314	0	*	*
temp_vcf4_SM_AS17.vcf	Brahy.D02G0705300.v1.1	1.62937062937063	0.538461538461538	24.7142857142857	70.4799691536533	1902.58888654385	722.511110817981	0.000856396587247215	0.000745264024870049	0.0129898192347694	0.0975486301848845	-2.54064227681111	0.498520710059172	*
temp_vcf4_SM_AS17.vcf	Brahy.D02G0706000.v1.1	0	0	7	1	1085.66666666666	342.333333333333	0	0	0.0064476512127725	0.00292112950340799	0	*	*
temp_vcf4_SM_AS17.vcf	Brahy.D02G0708800.v1.1	0	0	0	0	747.499999999999	275.5	0	0	0	0	*	*	*
temp_vcf4_SM_AS17.vcf	Brahy.D02G0710300.v1.1	0	0	2	1	851.833333333333	294.166666666667	0	0	0.00234787712776365	0.00339943342776204	0	*	*
temp_vcf4_SM_AS17.vcf	Brahy.D02G0710700.v1.1	0	1.04	2	2.96	473.013333333334	162.986666666667	0	0.00638089005235602	0.00422821062126508	0.0181609947643979	-1.2504	0.4992	*
temp_vcf4_SM_AS17.vcf	Brahy.D02G0711300.v1.1	0	0	5	5	717.333333333333	212.666666666667	0	0	0.00697026022304833	0.0235109717868338	0	*	*
temp_vcf4_SM_AS17.vcf	Brahy.D02G0713100.v1.1	0.949707602339181	4.47533539731682	3.08366013071895	8.70588235294118	4324.22008230451	1252.77991769547	0.000219625177318231	0.00357232370514794	0.000713113595521618	0.00694925120523636	-0.0638920317582371	0.403785830236234	0.468806228373702
temp_vcf4_SM_AS17.vcf	Brahy.D02G0714100.v1.1	0	0	4	6	1150.83333333333	364.166666666666	0	0	0.00347574221578567	0.0164759725400458	0	*	*
temp_vcf4_SM_AS17.vcf	Brahy.D02G0715200.v1.1	0	0	1	0	718.666666666666	253.333333333334	0	0	0.00139146567717996	0	0	*	*
temp_vcf4_SM_AS17.vcf	Brahy.D02G0715400.v1.1	0	0	4	0	1396.33333333334	457.666666666665	0	0	0.00286464550011936	0	-3	*	*
temp_vcf4_SM_AS17.vcf	Brahy.D02G0717700.v1.1	0	0	14	6	1233.66666666667	422.333333333333	0	0	0.0113482842475007	0.0142067876874507	0	*	*
temp_vcf4_SM_AS17.vcf	Brahy.D02G0718000.v1.1	0	0	3	0	1978.50000000001	760.500000000001	0	0	0.00151630022744503	0	0	*	*
temp_vcf4_SM_AS17.vcf	Brahy.D02G0718500.v1.1	0	0	0	0	368	130	0	0	0	0	*	*	*
temp_vcf4_SM_AS17.vcf	Brahy.D02G0721400.v1.1	0	0	2	1	395.833333333334	153.166666666667	0	0	0.00505263157894736	0.00652883569096845	0	*	*
temp_vcf4_SM_AS17.vcf	Brahy.D02G0723300.v1.1	0	0	12	24	7784.66666666681	2838.33333333337	0	0	0.00154149182152947	0.00845566647093355	-35	*	*
temp_vcf4_SM_AS17.vcf	Brahy.D02G0724200.v1.1	0	0	0	0	113.833333333333	33.1666666666667	0	0	0	0	*	*	*
temp_vcf4_SM_AS17.vcf	Brahy.D02G0724800.v1.1	0	0	0	0	1413.33333333333	530.666666666667	0	0	0	0	*	*	*
temp_vcf4_SM_AS17.vcf	Brahy.D02G0725700.v1.1	0	0	0	1	1254.83333333333	410.166666666666	0	0	0	0.00243803331978871	0	*	*
temp_vcf4_SM_AS17.vcf	Brahy.D02G0727700.v1.1	0	0	2	0	890.999999999999	303	0	0	0.00224466891133558	0	0	*	*
temp_vcf4_SM_AS17.vcf	Brahy.D02G0728000.v1.1	0	0	1	1	321.333333333333	95.6666666666666	0	0	0.00311203319502075	0.0104529616724739	0	*	*
temp_vcf4_SM_AS17.vcf	Brahy.D02G0728900.v1.1	0	0	1	1	251.5	78.5	0	0	0.00397614314115308	0.0127388535031847	0	*	*
temp_vcf4_SM_AS17.vcf	Brahy.D02G0730000.v1.1	0	0	2	2	1305.83333333333	425.166666666666	0	0	0.001531589023612	0.00470403763230107	0	*	*
temp_vcf4_SM_AS17.vcf	Brahy.D02G0731600.v1.1	0	0	0	0	788.166666666665	276.833333333334	0	0	0	0	*	*	*
temp_vcf4_SM_AS17.vcf	Brahy.D02G0732600.v1.1	0	0	1	0	1580.66666666667	501.333333333332	0	0	0.000632644453816954	0	0	*	*
temp_vcf4_SM_AS17.vcf	Brahy.D02G0733600.v1.1	2.28606269263558	1.01910507792861	0.946581196581197	2.03758169934641	1478.70299145299	483.297008547007	0.0015459917954107	0.00210865173983274	0.000640142883359607	0.00421600312708789	0.286723644655505	0.312117755534489	0.323045267489712
temp_vcf4_SM_AS17.vcf	Brahy.D02G0733700.v1.1	0	0	3	1	1392.5	443.499999999999	0	0	0.00215439856373429	0.00225479143179257	0	*	*
temp_vcf4_SM_AS17.vcf	Brahy.D02G0734300.v1.1	0	0	2	2	255.166666666667	95.8333333333333	0	0	0.00783801436969301	0.0208695652173913	0	*	*
temp_vcf4_SM_AS17.vcf	Brahy.D02G0734900.v1.1	0	0	103.868852459016	48.1311475409836	3333.99999999998	1052	0	0	0.0311544248527346	0.0457520413887676	-15	*	*
temp_vcf4_SM_AS17.vcf	Brahy.D02G0735700.v1.1	0	0	6	5	1257.83333333333	392.166666666666	0	0	0.00477010732741486	0.0127496812579686	0	*	*
temp_vcf4_SM_AS17.vcf	Brahy.D02G0736000.v1.1	0	0	7	9	1931.33333333334	567.666666666666	0	0	0.00362443907490506	0.0158543746330006	0	*	*
temp_vcf4_SM_AS17.vcf	Brahy.D02G0736100.v1.1	0	0	10	28	1914	618	0	0	0.00522466039707418	0.0453074433656958	-3	*	*
temp_vcf4_SM_AS17.vcf	Brahy.D02G0737200.v1.1	0	0	1	1	702.666666666666	221.333333333334	0	0	0.00142314990512334	0.00451807228915662	0	*	*
temp_vcf4_SM_AS17.vcf	Brahy.D02G0740300.v1.1	0	0	1	1	1471.16666666667	466.833333333332	0	0	0.000679732638495524	0.00214209210996073	0	*	*
temp_vcf4_SM_AS17.vcf	Brahy.D02G0740600.v1.1	0	0	4	3	2740.83333333333	850.16666666667	0	0	0.00145941015506233	0.00352871985885119	0	*	*
temp_vcf4_SM_AS17.vcf	Brahy.D02G0741300.v1.1	0	0	0	0	853.499999999998	265.5	0	0	0	0	*	*	*
temp_vcf4_SM_AS17.vcf	Brahy.D02G0741600.v1.1	0	0	4	12	4929.66666666668	1661.33333333332	0	0	0.000811413888701059	0.00722311396468706	-15	*	*
temp_vcf4_SM_AS17.vcf	Brahy.D02G0743300.v1.1	0	0	0	0	630.499999999999	221.5	0	0	0	0	*	*	*
temp_vcf4_SM_AS17.vcf	Brahy.D02G0746300.v1.1	0	0	2	0	520.833333333334	193.166666666667	0	0	0.00384	0	0	*	*
temp_vcf4_SM_AS17.vcf	Brahy.D02G0746900.v1.1	0	0	0	0	250.666666666667	82.3333333333333	0	0	0	0	*	*	*
temp_vcf4_SM_AS17.vcf	Brahy.D02G0748500.v1.1	0	0	0	0	589.5	196.5	0	0	0	0	*	*	*
temp_vcf4_SM_AS17.vcf	Brahy.D02G0752900.v1.1	0	0	2	6	2039.83333333334	633.166666666668	0	0	0.000980472260805618	0.00947617794156356	-3	*	*
temp_vcf4_SM_AS17.vcf	Brahy.D02G0753400.v1.1	0	0	2	1	1188.5	362.499999999999	0	0	0.0016827934371056	0.00275862068965518	0	*	*
temp_vcf4_SM_AS17.vcf	Brahy.D02G0753800.v1.1	0	0	0	8	1600.66666666667	532.333333333332	0	0	0	0.0150281778334377	-3	*	*
temp_vcf4_SM_AS17.vcf	Brahy.D02G0754100.v1.1	0	0	0	0	698.999999999999	252	0	0	0	0	*	*	*
temp_vcf4_SM_AS17.vcf	Brahy.D02G0755000.v1.1	0	0	6	7	1422.16666666667	413.833333333332	0	0	0.00421891480135942	0.0169150221506243	0	*	*
temp_vcf4_SM_AS17.vcf	Brahy.D02G0756800.v1.1	0	0	6	8	1029.5	356.5	0	0	0.00582807187955319	0.0224403927068724	0	*	*
temp_vcf4_SM_AS17.vcf	Brahy.D02G0757100.v1.1	0	0	0	0	692.833333333333	231.166666666667	0	0	0	0	*	*	*
temp_vcf4_SM_AS17.vcf	Brahy.D02G0757700.v1.1	0	0	0	0	1207.16666666667	430.833333333332	0	0	0	0	*	*	*
temp_vcf4_SM_AS17.vcf	Brahy.D02G0759100.v1.1	1.05538461538462	0.379310344827586	0.461538461538462	1.43368700265252	1318.85897435898	394.141025641025	0.000800225525172303	0.000962372146392733	0.000349952853573893	0.00363749751835855	0.27620471543457	0.338264299802761	0.366230677764566
temp_vcf4_SM_AS17.vcf	Brahy.D02G0759300.v1.1	0	0	0	8	3056.33333333333	954.666666666669	0	0	0	0.0083798882681564	-3	*	*
temp_vcf4_SM_AS17.vcf	Brahy.D02G0759700.v1.1	0	0	0	0	3406.66666666664	1171.33333333333	0	0	0	0	*	*	*
temp_vcf4_SM_AS17.vcf	Brahy.D02G0760500.v1.1	0.917748917748918	0.766013071895425	10.5555555555556	6.43181818181818	978.944444444443	350.055555555555	0.000937488253758615	0.00218826143375935	0.0107825889563589	0.0183737069152083	0.0749407251932504	0.284358738904193	0.360339506172839
temp_vcf4_SM_AS17.vcf	Brahy.D02G0761200.v1.1	3.44496798347489	4.06548783415236	14.7803751803752	8.59997535241785	1891.86417303459	545.599241599562	0.00182093832769669	0.00745141767835555	0.00781259848938688	0.0157624400781879	0.225122086251436	0.412560818073846	0.390342021545518
temp_vcf4_SM_AS17.vcf	Brahy.D02G0761900.v1.1	0	0	0	0	732.833333333333	266.166666666667	0	0	0	0	*	*	*
temp_vcf4_SM_AS17.vcf	Brahy.D02G0762300.v1.1	0	0	0	0	2669.99999999999	762.000000000004	0	0	0	0	*	*	*
temp_vcf4_SM_AS17.vcf	Brahy.D02G0763000.v1.1	0	0	0	0	304.333333333333	100.666666666667	0	0	0	0	*	*	*
temp_vcf4_SM_AS17.vcf	Brahy.D02G0763200.v1.1	0	0	0	0	1395.16666666667	455.833333333332	0	0	0	0	*	*	*
temp_vcf4_SM_AS17.vcf	Brahy.D02G0764700.v1.1	10.7156719580417	4.81558099848484	12.9975923124067	13.0822137876395	996.602443997007	334.832691138127	0.0107522031704689	0.0143820514720837	0.0130419029079219	0.0390708975971607	0.300611836777921	0.399076591606716	0.423145496101949
temp_vcf4_SM_AS17.vcf	Brahy.D02G0765100.v1.1	0	0	16.013698630137	10.986301369863	1802.16666666667	549.833333333333	0	0	0.00888580336454468	0.0199811482931731	0	*	*
temp_vcf4_SM_AS17.vcf	Brahy.D02G0765500.v1.1	0	0	18	14	1855.83333333334	613.166666666667	0	0	0.00969914683430621	0.0228322913835281	0	*	*
temp_vcf4_SM_AS17.vcf	Brahy.D02G0768500.v1.1	0.789321789321789	0	3.43867243867244	2	1345.15151515152	481.848484848484	0.000586790246623542	0	0.00255634580933071	0.00415068234702221	0.118876180203742	0.237752360407483	*
temp_vcf4_SM_AS17.vcf	Brahy.D02G0769400.v1.1	0	0	7	11	1250.83333333333	381.166666666666	0	0	0.0055962691538974	0.0288587669435943	0	*	*
temp_vcf4_SM_AS17.vcf	Brahy.D02G0770700.v1.1	0	0	35	15	5671.50000000003	1552.49999999998	0	0	0.00617120691175171	0.00966183574879238	-24	*	*
temp_vcf4_SM_AS17.vcf	Brahy.D02G0770900.v1.1	0	0	0	1	975.333333333332	335.666666666667	0	0	0	0.00297914597815293	0	*	*
temp_vcf4_SM_AS17.vcf	Brahy.D02G0771200.v1.1	0	0	112	199.904761904762	8713.47619047627	2671.23809523809	0	0	0.0128536530715967	0.074835995436395	-14.3952947845805	*	*
temp_vcf4_SM_AS17.vcf	Brahy.D02G0772600.v1.1	0	0	1	1	399.5	140.5	0	0	0.00250312891113892	0.00711743772241993	0	*	*
temp_vcf4_SM_AS17.vcf	Brahy.D02G0772700.v1.1	0	0	0	0	1508.5	447.499999999998	0	0	0	0	*	*	*
temp_vcf4_SM_AS17.vcf	Brahy.D02G0772800.v1.1	0	0	4	8	6642.00000000008	1925.99999999998	0	0	0.00060222824450466	0.0041536863966771	-3	*	*
temp_vcf4_SM_AS17.vcf	Brahy.D02G0775200.v1.1	0	0	0	0	812.166666666665	261.833333333334	0	0	0	0	*	*	*
temp_vcf4_SM_AS17.vcf	Brahy.D02G0775300.v1.1	0	0	2	5	1192.83333333333	355.166666666666	0	0	0.00167668017325695	0.0140778977006101	0	*	*
temp_vcf4_SM_AS17.vcf	Brahy.D02G0777600.v1.1	0	0	1	1	905.999999999999	315	0	0	0.0011037527593819	0.00317460317460317	0	*	*
temp_vcf4_SM_AS17.vcf	Brahy.D02G0778900.v1.1	0	0	1	1	222.833333333333	62.1666666666667	0	0	0.00448765893792072	0.0160857908847185	0	*	*
temp_vcf4_SM_AS17.vcf	Brahy.D02G0779200.v1.1	0	0	1	0	1528.66666666667	508.333333333332	0	0	0.000654164849542083	0	0	*	*
temp_vcf4_SM_AS17.vcf	Brahy.D02G0780100.v1.1	0	0	0	0	1520.66666666667	555.333333333333	0	0	0	0	*	*	*
temp_vcf4_SM_AS17.vcf	Brahy.D02G0780700.v1.1	0	0	0	0	485.666666666667	138.333333333333	0	0	0	0	*	*	*
temp_vcf4_SM_AS17.vcf	Brahy.D02G0782300.v1.1	0	0	2	1	649	248	0	0	0.00308166409861325	0.00403225806451613	0	*	*
temp_vcf4_SM_AS17.vcf	Brahy.D02G0783000.v1.1	0	0	2	0	492.5	146.5	0	0	0.00406091370558375	0	0	*	*
temp_vcf4_SM_AS17.vcf	Brahy.D02G0784500.v1.1	0	0	0	0	259.5	88.5	0	0	0	0	*	*	*
temp_vcf4_SM_AS17.vcf	Brahy.D02G0789600.v1.1	0	0	2	0	186	54	0	0	0.010752688172043	0	0	*	*
temp_vcf4_SM_AS17.vcf	Brahy.D02G0790800.v1.1	0	0	5	6	262	104	0	0	0.0190839694656489	0.0576923076923077	0	*	*
temp_vcf4_SM_AS17.vcf	Brahy.D02G0791000.v1.1	0	0	4	1	249.166666666667	68.8333333333334	0	0	0.0160535117056856	0.0145278450363196	0	*	*
temp_vcf4_SM_AS17.vcf	Brahy.D02G0791100.v1.1	0	0	1	0	315.5	104.5	0	0	0.00316957210776545	0	0	*	*
temp_vcf4_SM_AS17.vcf	Brahy.D02G0792100.v1.1	0	0	2	4	757.166666666665	223.833333333334	0	0	0.00264142637023993	0.0178704393149665	0	*	*
temp_vcf4_SM_AS17.vcf	Brahy.D02G0794800.v1.1	0.0740740740740742	0	10.9770474700052	9.98591549295775	841.629629629629	268.370370370371	8.8012673825031e-05	0	0.0130426105302826	0.0372094560184735	0.00324229953859584	0.0713305898491086	*
temp_vcf4_SM_AS17.vcf	Brahy.D02G0795400.v1.1	0	0	3	0	1105.33333333333	361.666666666666	0	0	0.00271411338962606	0	0	*	*
temp_vcf4_SM_AS17.vcf	Brahy.D02G0796800.v1.1	0	0	2	15	912.833333333332	350.166666666666	0	0	0.00219098046375753	0.0428367444074251	-2.66666666666667	*	*
temp_vcf4_SM_AS17.vcf	Brahy.D02G0797900.v1.1	0	0	6	4	1093.66666666666	361.333333333333	0	0	0.00548613227674491	0.011070110701107	0	*	*
temp_vcf4_SM_AS17.vcf	Brahy.D02G0798100.v1.1	0	0	0	0	1116.16666666667	356.833333333333	0	0	0	0	*	*	*
temp_vcf4_SM_AS17.vcf	Brahy.D02G0799300.v1.1	0	0	1	1	273.666666666667	104.333333333333	0	0	0.00365408038976858	0.00958466453674121	0	*	*
temp_vcf4_SM_AS17.vcf	Brahy.D02G0799400.v1.1	0.0800000000000001	0	14.96	7	799.833333333333	256.166666666667	0.000100020837674516	0	0.0187038966451344	0.0273259596616786	0.00349090909090909	0.0768	*
temp_vcf4_SM_AS17.vcf	Brahy.D02G0799900.v1.1	0	0	2	4	490	170	0	0	0.00408163265306122	0.0235294117647059	0	*	*
temp_vcf4_SM_AS17.vcf	Brahy.D02G0800000.v1.1	0	0	8	9	488.666666666667	174.333333333333	0	0	0.0163710777626194	0.0516252390057361	0	*	*
temp_vcf4_SM_AS17.vcf	Brahy.D02G0801800.v1.1	0	0	22	10	611.5	198.5	0	0	0.035977105478332	0.0503778337531485	0	*	*
temp_vcf4_SM_AS17.vcf	Brahy.D02G0805800.v1.1	0	0	15	7	1124.83333333333	390.166666666666	0	0	0.013335308934657	0.0179410508329774	0	*	*
temp_vcf4_SM_AS17.vcf	Brahy.D02G0806800.v1.1	0	0	0	0	1001.5	318.5	0	0	0	0	*	*	*
temp_vcf4_SM_AS17.vcf	Brahy.D02G0807500.v1.1	0	0	12	20	1582.83333333334	568.166666666667	0	0	0.00758134147625565	0.0352009386916985	-3	*	*
temp_vcf4_SM_AS17.vcf	Brahy.D02G0808000.v1.1	0	0	20	19	1178.83333333333	390.166666666666	0	0	0.0169659267637495	0.0486971379752244	0	*	*
temp_vcf4_SM_AS17.vcf	Brahy.D02G0810100.v1.1	0	0	12	11	857.499999999999	285.5	0	0	0.0139941690962099	0.0385288966725043	0	*	*
temp_vcf4_SM_AS17.vcf	Brahy.D02G0811600.v1.1	0	0	0	2	579.666666666667	203.333333333334	0	0	0	0.00983606557377048	0	*	*
temp_vcf4_SM_AS17.vcf	Brahy.D02G0812200.v1.1	1.60554219512754	0.468468468468468	6.079173290938	6	949.649135622106	287.167153640127	0.00169066883220587	0.00163134419285134	0.0064014940496477	0.0208937544699806	0.118957162145064	0.404454351293218	*
temp_vcf4_SM_AS17.vcf	Brahy.D02G0814600.v1.1	0	0	4	8	979.499999999998	319.5	0	0	0.00408371618172538	0.0250391236306729	0	*	*
temp_vcf4_SM_AS17.vcf	Brahy.D02G0814700.v1.1	0	0	17	12	2257.83333333334	682.166666666668	0	0	0.00752934228980585	0.0175910090398241	0	*	*
temp_vcf4_SM_AS17.vcf	Brahy.D02G0814900.v1.1	0	0	5	2	1073.5	366.5	0	0	0.00465766185374942	0.00545702592087313	0	*	*
temp_vcf4_SM_AS17.vcf	Brahy.D02G0816200.v1.1	0.0714285714285714	0	8.94936034115139	8.01492537313433	550.833333333334	172.166666666667	0.000129673654635833	0	0.0162469476692612	0.046553293551603	0.00382653061224489	0.068877551020408	*
temp_vcf4_SM_AS17.vcf	Brahy.D02G0816300.v1.1	0	0	8	5	848.333333333332	285.666666666667	0	0	0.00943025540275051	0.0175029171528588	0	*	*
temp_vcf4_SM_AS17.vcf	Brahy.D02G0817300.v1.1	0	0	1	1	1231.33333333333	391.666666666666	0	0	0.000812127774769898	0.00255319148936171	0	*	*
temp_vcf4_SM_AS17.vcf	Brahy.D02G0818600.v1.1	0	0	0	0	751.166666666666	292.833333333333	0	0	0	0	*	*	*
temp_vcf4_SM_AS17.vcf	Brahy.D02G0820500.v1.1	0	0	1	0	462.166666666667	164.833333333333	0	0	0.00216372160115398	0	0	*	*
temp_vcf4_SM_AS17.vcf	Brahy.D02G0823800.v1.1	0	0	0	2	507.5	170.5	0	0	0	0.0117302052785924	0	*	*
temp_vcf4_SM_AS17.vcf	Brahy.D02G0825500.v1.1	0.0606060606060606	0	8.96969696969697	7	3009.97979797979	962.020202020207	2.01350389948589e-05	0	0.00297998577123912	0.00727635447291051	0.0034570301949981	0.0587695133149677	*
temp_vcf4_SM_AS17.vcf	Brahy.D02G0827100.v1.1	0	0	13	12	2870.33333333332	891.666666666673	0	0	0.00452909069794451	0.0134579439252335	0	*	*
temp_vcf4_SM_AS17.vcf	Brahy.D02G0828900.v1.1	0	0	3	1	904.999999999998	274	0	0	0.00331491712707183	0.00364963503649635	0	*	*
temp_vcf4_SM_AS17.vcf	Brahy.D02G0829400.v1.1	0	0	5	3	2085.00000000001	621.000000000001	0	0	0.00239808153477217	0.00483091787439613	0	*	*
temp_vcf4_SM_AS17.vcf	Brahy.D02G0830600.v1.1	0	0	11.0333333333333	10.9666666666667	930.833333333332	299.166666666667	0	0	0.0118531781557744	0.0366573816155989	0	*	*
temp_vcf4_SM_AS17.vcf	Brahy.D02G0834400.v1.1	0	0	10	10	1966.00000000001	625.999999999999	0	0	0.00508646998982704	0.0159744408945687	0	*	*
temp_vcf4_SM_AS17.vcf	Brahy.D02G0835000.v1.1	0	0	4	1	913.166666666664	313.833333333333	0	0	0.00438036137981385	0.00318640467339352	0	*	*
temp_vcf4_SM_AS17.vcf	Brahy.D02G0836000.v1.1	0	0	2	0	490	167	0	0	0.00408163265306122	0	0	*	*
temp_vcf4_SM_AS17.vcf	Brahy.D02G0836100.v1.1	0	0	3	0	797.499999999999	240.500000000001	0	0	0.00376175548589342	0	0	*	*
temp_vcf4_SM_AS17.vcf	Brahy.D02G0837000.v1.1	0	0	5	2	495.333333333334	152.666666666667	0	0	0.0100942126514132	0.0131004366812227	0	*	*
temp_vcf4_SM_AS17.vcf	Brahy.D02G0837100.v1.1	0	0	0	1	179.166666666667	48.8333333333334	0	0	0	0.0204778156996587	0	*	*
temp_vcf4_SM_AS17.vcf	Brahy.D02G0837200.v1.1	0	0	8	5	941.999999999999	327	0	0	0.00849256900212315	0.0152905198776759	0	*	*
temp_vcf4_SM_AS17.vcf	Brahy.D02G0837700.v1.1	0	0	0	1	554.166666666667	201.833333333333	0	0	0	0.00495458298926507	0	*	*
