	A	gs	WUE	Ci	Tr	VPD	Tleaf	AL	AW	AW/AL	GCV	SCV	SA	SI	SD	DW
WT6C	10.65482179	0.172386945	61.807591	319.9470321	2.165162228	1.239511674	19.8461616	34.17834629	1.830490721	0.05355703	6654.184114	2109.899571	49.13697976	12.77049983	23.8	1.4922
WT6T	5.692775613	0.078335057	72.67213222	251.563352	0.753278663	1.348407	18.5741967	31.39865257	1.413680158	0.045023593	6362.773521	2236.920934	34.86198046	17.94252733	42.5	0.9144
WT7C	8.674325189	0.203737446	42.57599853	270.2055294	2.46519399	1.444574265	20.55687089	34.26576949	2.023219497	0.059044916	7378.341749	1877.703619	54.44943428	12.15886064	27.8	1.593
WT7T	6.350180538	0.075950131	83.60986912	228.2288235	1.023368265	1.683011599	20.56576602	32.3701994	1.415568534	0.043730609	4883.983736	2254.333845	35.98869977	16.22491845	37.6	0.6498
AS17C	8.611823388	0.177993085	48.38290986	363.0679995	1.500249463	0.904918784	23.43641376	12.03958454	1.136372873	0.094386386	605.2219804	1656.218297	10.74539142	13.0867526	115.103	0.641667
AS17T	5.341006912	0.072234193	73.94014787	322.0788353	0.701751544	0.991553154	23.38596408	12.65131117	0.996051579	0.078731095	461.2985416	1648.273771	9.897083797	11.03505272	99.0	0.53775
AS19C	10.95372096	0.267408871	40.96244421	396.6930769	1.864306261	0.7465573	23.46785037	13.0905138	1.059176989	0.080911797	532.235945	3633.159865	10.88967983	13.02464168	102.946	1.7625
AS19T	6.355383783	0.189017641	33.62323088	424.6558168	1.348111256	0.754266875	23.29684486	10.6493017	0.7172822	0.067354858	735.5280279	2890.183885	5.999306716	14.315515	136.451	0.48905
AS22C	11.14900225	0.37402543	29.80813965	427.9549274	2.446048077	0.726491504	23.01792259	12.12067904	0.942269049	0.077740616	916.3818891	3818.403647	8.96998586	14.16126964	124.155	0.848333
AS22T	8.140065008	0.199509292	40.80043053	405.9618447	1.360438918	0.749844886	22.11712227	11.76054092	0.774275199	0.0658367	708.9071711	3608.360727	7.151753336	14.05515073	118.513	0.518333333
AS25C	11.15198718	0.281875109	39.56357558	343.9748515	1.987576337	0.760998581	23.80742709	11.7574584	1.205093299	0.102496072	540.8665391	2409.465288	11.12817646	16.91959497	122.676	1.241667
AS25T	7.923821457	0.173038898	45.79214008	316.9904762	1.311254072	0.806622951	23.71208731	12.47058558	1.028854293	0.082502484	531.4202151	2542.55943	10.07698478	13.14569302	101.463	0.525
AS30C	8.2752061	0.189051478	43.772237	331.0539648	1.438814847	0.819216418	21.63717779	12.55947101	1.040054546	0.082810378	662.0962019	2980.391425	10.25929093	12.07735893	118.195	0.703333
AS30T	3.714253463	0.069530723	53.41888165	306.6855445	0.620456989	0.946612203	21.0566899	12.48062575	0.962294193	0.077103041	671.5798989	3299.535494	9.432658398	11.8876364	85.7	0.47975
AS33C	9.066728767	0.345168367	26.26755414	394.0574657	2.008232826	0.64515452	23.68497162	13.19242905	1.07271247	0.081312734	848.2415537	3496.012915	11.11470596	13.59702556	122.369	1.281667
AS33T	7.02154382	0.155795139	45.06908152	387.0083471	1.174195728	0.778638711	23.77653465	12.13061753	0.985123943	0.081209711	677.8031452	3102.69477	9.385635108	17.06872162	139.567	0.453333333
AS47C	12.97958245	0.234715662	55.29917492	314.2037566	1.864562895	0.850223674	24.65551503	12.65545044	0.989025368	0.078150151	949.9708769	4503.0761	9.830484437	13.15761379	74.6	1.623867
AS47T	8.238680227	0.132680184	62.09427797	314.803477	1.116103134	0.866144726	24.00309181	12.69322806	0.799965897	0.063023046	892.1802789	4383.581486	7.975050424	13.07921525	83.5	0.65875
AS50C	6.295840777	0.117862151	53.41698521	335.8714331	1.48039819	1.306304227	23.36960697	12.34137784	1.06894484	0.086614708	720.6478951	3055.98957	10.36117062	12.16750933	86.6	1.081667
AS50T	4.199671425	0.048926906	85.83562233	279.6204724	0.686895076	1.429927254	23.52409744	11.09380566	0.809081076	0.072930886	594.7016915	3186.146146	7.049567583	13.09020925	102.422	0.5125
AS7C	9.647550235	0.289913542	33.27733561	403.7655417	1.497333588	0.565959853	22.94082737	12.77777048	1.649662526	0.129104098	634.5636365	1437.214429	16.55541505	14.04471544	123.954	1.318333
AS7T	9.328833478	0.243524776	38.30753335	395.5256915	1.49103404	0.657482444	23.57107925	10.08901059	1.16888905	0.115857649	506.5286799	1134.396398	9.262148708	12.51649726	113.621	0.615
AS8C	6.667308639	0.146920269	45.38045488	354.074153	1.331952994	0.975399502	21.44054476	11.24834489	1.60184243	0.142406945	745.8367697	1317.608033	14.15136389	13.94780383	113.391	0.643333
AS8T	4.297648016	0.07960816	53.98501882	346.8492544	0.742003379	1.286444336	22.77589639	11.69274618	1.265703636	0.108246909	597.4324764	1435.528052	11.62354045	13.29731116	152.335	0.385
141C	15.31713881	0.451006705	33.96210885	330.1069392	4.677119633	1.138731928	24.63383897	22.35063657	2.078194617	0.092981451	1634.548474	5999.300615	36.48093778	15.30330065	69.40956667	10.37
141T	11.25323436	0.193174595	58.25421494	290.4762772	2.969074087	1.422357239	25.1698823	18.74852057	1.164811714	0.062128194	1724.113756	7962.946465	17.15191495	16.1303368	77.34198571	4.326666667
142C	15.64965728	0.432558451	36.1792892	336.1665575	4.362501839	1.140243488	25.36204306	19.50027679	3.209486421	0.164586711	1762.532261	5908.616637	49.15483015	14.35943442	65.93901667	6.0325
142T	9.018437322	0.129482432	69.64989126	284.052006	1.910286994	1.530766579	25.35612869	15.4502498	2.357740772	0.152602113	790.7948982	4136.64729	28.61023602	13.7952529	76.35053333	3.8575
143C	12.69723687	0.383927431	33.07197101	339.1480212	4.284091786	0.624111453	23.96030871	17.13189829	2.151978269	0.125612365	1364.282993	5135.591186	28.95564545	17.42894878	93.70278333	6.5375
143T	8.4071302	0.163829263	51.3164134	309.9125433	3.084857156	1.142779906	24.99685383	16.06202659	0.912135969	0.056788349	832.9296692	6691.185832	11.50667386	16.3350393	72.87995	6.22
144C	13.32209718	0.474985862	28.04735522	344.0952219	5.606592483	1.258915105	25.82978494	18.73866858	2.457514239	0.131146684	1692.67133	2980.184846	36.16801335	14.6876714	65.0714625	3.755
144T	9.906052587	0.219788054	45.07093265	319.0746697	3.05085192	1.534329759	25.83586534	18.15823444	1.321942464	0.072801266	745.5670692	4889.559599	18.85280839	16.4300638	76.35053333	3.03
145C	12.67347081	0.391991626	32.33097334	324.1526718	3.321411074	0.92880451	25.52037366	18.59372852	2.684054926	0.144352701	1850.590854	4413.43304	39.19654305	15.76561775	76.35046667	5.085
145T	9.207344708	0.234226896	39.3095109	320.2775234	2.852245604	1.459756361	25.83752314	18.48732788	1.201305739	0.064979955	1001.991782	7701.205203	17.44285525	18.0454217	78.085725	3.085
146C	13.45081763	0.446807615	30.10427126	339.4655543	3.892921613	0.97581917	23.13889822	16.34695132	2.98859835	0.18282298	1775.106695	3444.325255	38.37021238	18.62528773	95.19008571	4.6925
146T	10.60373758	0.243431394	43.55944973	301.6825684	3.476865257	1.305827729	24.15602366	15.79198697	1.362126826	0.086254303	1064.35384	3963.342231	16.8944557	16.1752884	97.1731	2.94
147C	14.06227157	0.37622236	37.37755394	336.3718236	4.371614216	1.230839397	25.53474204	17.15743111	2.5438375	0.148264474	1074.650903	2585.968268	34.27926571	14.21952795	45.11621667	4.115
147T	11.3975307	0.186097726	61.24486824	308.3877993	2.570111948	1.473993824	25.54567083	18.24883552	1.687793762	0.092487751	621.0821208	4059.808177	24.19047608	15.6021722	48.5867	2.615
148C	14.76383067	0.439614519	33.58358293	381.8939694	4.892798194	1.163154755	24.89112028	19.88978886	2.330138803	0.117152516	1482.907636	3721.188464	36.40003878	11.82402366	32.96955	4.14
148T	11.45397495	0.131987236	86.78092898	308.8127962	2.512181997	1.612681116	24.8309981	18.86570786	1.705332214	0.090393227	1273.573451	5388.017339	25.26806482	13.236211	34.35772	3.21
149C	13.07637627	0.347431789	37.63724766	367.8366971	3.041732164	0.9775936	25.283446	21.83181613	2.242914613	0.102736053	650.1206956	4977.452567	38.45851288	15.14644138	45.11623333	3.93
149T	7.881949017	0.107262331	73.48291747	316.6398341	1.288796264	1.231120105	25.2581687	20.22921484	2.00542271	0.099134975	1134.247571	3023.809681	31.86213232	13.2145671	41.64573333	3.3025
150C	12.35006383	0.320832887	38.49375898	305.0835883	3.309702084	0.990691125	24.01204033	17.710386	3.030794751	0.171130926	1374.05306	2964.244998	42.1574598	14.72320419	43.13308571	4.1125
150T	11.15883393	0.231696209	48.16148697	179.3313476	1.738621491	1.126370122	24.05624247	17.15607286	1.899438911	0.110715251	940.5027266	1710.45618	25.59370111	14.1122514	46.10777143	2.9075
181C	12.18865387	0.244952915	49.75917048	314.0521526	2.222934618	1.076609039	24.42568207	18.29970867	1.890561767	0.103311031	985.9197631	2788.087394	27.17220785	12.19216911	33.54795556	5.255
181T	9.828000622	0.174030762	56.47277828	307.8768815	1.874783795	1.142678101	24.38589923	15.99429182	0.9916711	0.062001564	628.7506372	3480.621891	12.45726072	11.3065724	37.1837	2.405
