file	product	N_diffs	S_diffs	N_diffs_vs_ref	S_diffs_vs_ref	N_sites	S_sites	piN	piS	mean_dN_vs_ref	mean_dS_vs_ref	mean_gdiv_polymorphic	mean_N_gdiv	mean_S_gdiv
temp_vcf4_SM_AS17.vcf	Brahy.D02G0005200.v1.1	0	0	7	8	2182.66666666667	709.333333333335	0	0	0.00320708613317043	0.0112781954887218	0	*	*
temp_vcf4_SM_AS17.vcf	Brahy.D02G0006300.v1.1	0	0	1	1	453.166666666667	155.833333333333	0	0	0.00220669363736668	0.00641711229946524	0	*	*
temp_vcf4_SM_AS17.vcf	Brahy.D02G0007900.v1.1	0	0	3	0	474.333333333334	152.666666666667	0	0	0.00632466619817287	0	0	*	*
temp_vcf4_SM_AS17.vcf	Brahy.D02G0008100.v1.1	0.857971014492754	0	6.45	2	1198.36666666667	403.633333333333	0.000715950333364374	0	0.00538232594364552	0.00495499215459576	0.0883333333333333	0.3975	*
temp_vcf4_SM_AS17.vcf	Brahy.D02G0012200.v1.1	0	0	1	1	392.833333333333	153.166666666667	0	0	0.00254560882477726	0.00652883569096845	0	*	*
temp_vcf4_SM_AS17.vcf	Brahy.D02G0012600.v1.1	0	0	14	6	2407	716.000000000002	0	0	0.00581636892397175	0.00837988826815641	0	*	*
temp_vcf4_SM_AS17.vcf	Brahy.D02G0014600.v1.1	0	0	11	8	1535	465.999999999998	0	0	0.00716612377850161	0.017167381974249	0	*	*
temp_vcf4_SM_AS17.vcf	Brahy.D02G0016400.v1.1	0	0	1	1	869.166666666665	291.833333333333	0	0	0.00115052732502397	0.00342661336379212	0	*	*
temp_vcf4_SM_AS17.vcf	Brahy.D02G0016800.v1.1	2.25578452315974	3.21367239392094	3.06501827020545	2.07154577448695	1172.69009985203	384.309900147971	0.00192359816412228	0.00836218997398603	0.00261366431812821	0.00539030031151771	0.411449048763719	0.442882733181047	0.447774852574731
temp_vcf4_SM_AS17.vcf	Brahy.D02G0017700.v1.1	0	0	2	1	1490.66666666667	498.333333333332	0	0	0.00134168157423971	0.00200668896321071	0	*	*
temp_vcf4_SM_AS17.vcf	Brahy.D02G0019300.v1.1	0	0	0	0	300.833333333333	128.166666666667	0	0	0	0	*	*	*
temp_vcf4_SM_AS17.vcf	Brahy.D02G0022100.v1.1	0	0	0	0	589.666666666667	190.333333333333	0	0	0	0	*	*	*
temp_vcf4_SM_AS17.vcf	Brahy.D02G0023000.v1.1	0	0	1	0	1075.66666666666	277.333333333334	0	0	0.000929656027269912	0	0	*	*
temp_vcf4_SM_AS17.vcf	Brahy.D02G0023400.v1.1	0	0	5	4	958.499999999999	340.5	0	0	0.00521648408972353	0.0117474302496329	0	*	*
temp_vcf4_SM_AS17.vcf	Brahy.D02G0023500.v1.1	0	0	4	0	722.333333333333	252.666666666667	0	0	0.00553760959852331	0	0	*	*
temp_vcf4_SM_AS17.vcf	Brahy.D02G0023900.v1.1	0	0	2	3	916.499999999998	310.5	0	0	0.0021822149481724	0.00966183574879226	0	*	*
temp_vcf4_SM_AS17.vcf	Brahy.D02G0024000.v1.1	0	0	5	3	896.666666666666	303.333333333334	0	0	0.00557620817843867	0.00989010989010988	0	*	*
temp_vcf4_SM_AS17.vcf	Brahy.D02G0024400.v1.1	0	0	1	2	682.833333333334	208.166666666667	0	0	0.00146448620942153	0.00960768614891913	0	*	*
temp_vcf4_SM_AS17.vcf	Brahy.D02G0026000.v1.1	0	0	6	2	437.166666666667	147.833333333333	0	0	0.0137247426610751	0.0135287485907554	0	*	*
temp_vcf4_SM_AS17.vcf	Brahy.D02G0026300.v1.1	0	0	0	4	763.999999999999	286	0	0	0	0.013986013986014	0	*	*
temp_vcf4_SM_AS17.vcf	Brahy.D02G0026700.v1.1	0.0769230769230769	0	8	4.96153846153846	2598.33333333333	803.666666666669	2.9604776237233e-05	0	0.00307889672867223	0.00617362728519923	0.00568957669549386	0.0739644970414202	*
temp_vcf4_SM_AS17.vcf	Brahy.D02G0027600.v1.1	0	0.0526315789473684	27.9736842105263	28	1943.16666666668	630.833333333335	0	8.34318292428559e-05	0.0143959263455834	0.0443857331571994	0.000883560989588306	*	0.0512465373961217
temp_vcf4_SM_AS17.vcf	Brahy.D02G0028400.v1.1	0.228758169934641	0	7.88562091503268	3	468.166666666667	140.833333333333	0.000488625496478406	0	0.0168436189000342	0.021301775147929	0.0196059013821413	0.107832457601777	*
temp_vcf4_SM_AS17.vcf	Brahy.D02G0028500.v1.1	0.117647058823529	0	14.9411764705882	10	999.166666666664	323.833333333333	0.000117745179806702	0	0.0149536378354512	0.0308800823468863	0.00442906574394463	0.110726643598616	*
temp_vcf4_SM_AS17.vcf	Brahy.D02G0029200.v1.1	0	0	3	3	398.333333333334	135.666666666667	0	0	0.00753138075313807	0.0221130221130221	0	*	*
temp_vcf4_SM_AS17.vcf	Brahy.D02G0029500.v1.1	0	0	6	4	801.999999999999	260	0	0	0.00748129675810475	0.0153846153846154	0	*	*
temp_vcf4_SM_AS17.vcf	Brahy.D02G0030700.v1.1	0	0	7	6	1551.16666666667	494.833333333332	0	0	0.00451273235199312	0.0121252947120243	0	*	*
temp_vcf4_SM_AS17.vcf	Brahy.D02G0036900.v1.1	0	0	14	26	1062.33333333333	326.666666666667	0	0	0.0131785378098525	0.0795918367346939	-3	*	*
temp_vcf4_SM_AS17.vcf	Brahy.D02G0037100.v1.1	0	0	30	16	825.999999999999	269	0	0	0.0363196125907991	0.0594795539033456	0	*	*
temp_vcf4_SM_AS17.vcf	Brahy.D02G0037200.v1.1	0	0	8	7	804.333333333333	284.666666666667	0	0	0.00994612515540821	0.0245901639344262	0	*	*
temp_vcf4_SM_AS17.vcf	Brahy.D02G0038000.v1.1	0	0	0	0	1007	310	0	0	0	0	*	*	*
temp_vcf4_SM_AS17.vcf	Brahy.D02G0039800.v1.1	0	0	7.01408450704225	6.98591549295775	587.333333333333	177.666666666667	0	0	0.0119422551198222	0.0393203498665539	0	*	*
temp_vcf4_SM_AS17.vcf	Brahy.D02G0041100.v1.1	0	0	9	9	1757	555.999999999999	0	0	0.00512236767216846	0.0161870503597123	0	*	*
temp_vcf4_SM_AS17.vcf	Brahy.D02G0043100.v1.1	0	0	2	3	170.666666666667	54.3333333333333	0	0	0.01171875	0.0552147239263804	0	*	*
temp_vcf4_SM_AS17.vcf	Brahy.D02G0046600.v1.1	0	0	7	6	2161.33333333334	781.666666666668	0	0	0.00323874151758173	0.00767590618336885	-2.57142857142857	*	*
temp_vcf4_SM_AS17.vcf	Brahy.D02G0053800.v1.1	0	0	6	22	5017.33333333334	1420.66666666666	0	0	0.00119585437151209	0.0154856874706711	-3	*	*
temp_vcf4_SM_AS17.vcf	Brahy.D02G0053900.v1.1	0	0	3	0	946.666666666666	292.333333333333	0	0	0.00316901408450705	0	0	*	*
temp_vcf4_SM_AS17.vcf	Brahy.D02G0061200.v1.1	0	0	11	6	786.833333333333	284.166666666667	0	0	0.0139800889642025	0.0211143695014663	0	*	*
temp_vcf4_SM_AS17.vcf	Brahy.D02G0061600.v1.1	0	0	2	3	783.666666666665	257.333333333334	0	0	0.0025521054870268	0.0116580310880829	0	*	*
temp_vcf4_SM_AS17.vcf	Brahy.D02G0064500.v1.1	0	0	3	3	1307.5	387.499999999999	0	0	0.0022944550669216	0.00774193548387098	0	*	*
temp_vcf4_SM_AS17.vcf	Brahy.D02G0065700.v1.1	0	0	1	0	1147.33333333333	334.666666666666	0	0	0.000871586287042418	0	0	*	*
temp_vcf4_SM_AS17.vcf	Brahy.D02G0065800.v1.1	0	0	3	0	897.499999999998	335.5	0	0	0.00334261838440112	0	0	*	*
temp_vcf4_SM_AS17.vcf	Brahy.D02G0068600.v1.1	0	0	0	0	969.499999999999	344.5	0	0	0	0	*	*	*
temp_vcf4_SM_AS17.vcf	Brahy.D02G0069400.v1.1	0	0	3	13	1097.83333333333	387.166666666666	0	0	0.00273265522999849	0.0335772707705554	0	*	*
temp_vcf4_SM_AS17.vcf	Brahy.D02G0072300.v1.1	0	0	14	31	1724.66666666667	594.333333333333	0	0	0.00811751063007343	0.0521592821088054	-2.8695652173913	*	*
temp_vcf4_SM_AS17.vcf	Brahy.D02G0074900.v1.1	0	0	7	5	1004.16666666666	324.833333333333	0	0	0.00697095435684649	0.0153925089789636	0	*	*
temp_vcf4_SM_AS17.vcf	Brahy.D02G0076700.v1.1	0.413793103448276	0	0	0.275862068965517	879.982758620689	281.017241379311	0.000470228648680421	0	0	0.000981655316277071	0.399524375743163	0.399524375743163	*
temp_vcf4_SM_AS17.vcf	Brahy.D02G0076800.v1.1	0	0	1	0	535.833333333334	181.166666666667	0	0	0.00186625194401244	0	0	*	*
temp_vcf4_SM_AS17.vcf	Brahy.D02G0078800.v1.1	0	0	9	5	1048.33333333333	361.666666666666	0	0	0.00858505564387919	0.0138248847926268	0	*	*
temp_vcf4_SM_AS17.vcf	Brahy.D02G0080200.v1.1	0	0	2	4	261.833333333333	101.166666666667	0	0	0.00763844684914068	0.0395387149917628	0	*	*
temp_vcf4_SM_AS17.vcf	Brahy.D02G0083100.v1.1	0	0	0	1	493.833333333334	175.166666666667	0	0	0	0.00570884871550904	0	*	*
temp_vcf4_SM_AS17.vcf	Brahy.D02G0084300.v1.1	0	0	0	0	139	35	0	0	0	0	*	*	*
temp_vcf4_SM_AS17.vcf	Brahy.D02G0086100.v1.1	0	0	6	0	793.166666666666	268.833333333334	0	0	0.00756461441479303	0	0	*	*
temp_vcf4_SM_AS17.vcf	Brahy.D02G0087500.v1.1	0	0	0	0	763	242	0	0	0	0	*	*	*
temp_vcf4_SM_AS17.vcf	Brahy.D02G0087600.v1.1	0	0	0	0	413.333333333334	126.666666666667	0	0	0	0	*	*	*
temp_vcf4_SM_AS17.vcf	Brahy.D02G0087700.v1.1	0	0	1	0	527.833333333334	195.166666666667	0	0	0.00189453741711399	0	0	*	*
temp_vcf4_SM_AS17.vcf	Brahy.D02G0088000.v1.1	0	0	0	0	887.999999999998	288	0	0	0	0	*	*	*
temp_vcf4_SM_AS17.vcf	Brahy.D02G0089400.v1.1	0	0	0	1	2264.5	753.500000000002	0	0	0	0.0013271400132714	0	*	*
temp_vcf4_SM_AS17.vcf	Brahy.D02G0093300.v1.1	0	0	2	0	822.999999999999	278	0	0	0.00243013365735116	0	0	*	*
temp_vcf4_SM_AS17.vcf	Brahy.D02G0093400.v1.1	0	0	1	3	187.833333333333	70.1666666666667	0	0	0.00532386867790595	0.0427553444180523	0	*	*
temp_vcf4_SM_AS17.vcf	Brahy.D02G0093600.v1.1	0	0	2	3	838.166666666666	277.833333333334	0	0	0.0023861602704315	0.0107978404319136	0	*	*
temp_vcf4_SM_AS17.vcf	Brahy.D02G0094000.v1.1	0	0	5	3	825.999999999999	290	0	0	0.00605326876513318	0.0103448275862069	0	*	*
temp_vcf4_SM_AS17.vcf	Brahy.D02G0094700.v1.1	0	0	0	0	573.5	206.5	0	0	0	0	*	*	*
temp_vcf4_SM_AS17.vcf	Brahy.D02G0094900.v1.1	0	0	0	1	390.833333333334	143.166666666667	0	0	0	0.0069848661233993	0	*	*
temp_vcf4_SM_AS17.vcf	Brahy.D02G0098700.v1.1	0	0	0	0	768.666666666666	239.333333333334	0	0	0	0	*	*	*
temp_vcf4_SM_AS17.vcf	Brahy.D02G0098800.v1.1	0	0	2	0	876.833333333333	260.166666666667	0	0	0.00228093518342521	0	0	*	*
temp_vcf4_SM_AS17.vcf	Brahy.D02G0099100.v1.1	0	0	1	0	1746.00000000001	545.999999999999	0	0	0.000572737686139746	0	0	*	*
temp_vcf4_SM_AS17.vcf	Brahy.D02G0100400.v1.1	0	0	2	2	1339.33333333333	427.666666666665	0	0	0.00149328023892484	0.00467653936087297	0	*	*
temp_vcf4_SM_AS17.vcf	Brahy.D02G0102200.v1.1	1.66804891015417	0	4.36666666666667	0.57719298245614	479.783333333334	141.216666666667	0.00347667122691667	0	0.00910133046166672	0.00408728655108798	0.169773947539414	0.305593105570945	*
temp_vcf4_SM_AS17.vcf	Brahy.D02G0102500.v1.1	0	0	1	0	1194	431.999999999999	0	0	0.000837520938023451	0	0	*	*
temp_vcf4_SM_AS17.vcf	Brahy.D02G0104500.v1.1	0	0	6	2	1646.83333333334	585.166666666667	0	0	0.00364335593563404	0.00341782967815437	0	*	*
temp_vcf4_SM_AS17.vcf	Brahy.D02G0105700.v1.1	0	0	0	0	545.333333333333	216.666666666667	0	0	0	0	*	*	*
temp_vcf4_SM_AS17.vcf	Brahy.D02G0108400.v1.1	0	0	1	0	1622.66666666667	474.333333333332	0	0	0.000616269515201313	0	0	*	*
temp_vcf4_SM_AS17.vcf	Brahy.D02G0108800.v1.1	0.241014799154334	0	1	4.13636363636364	861.21212121212	338.787878787879	0.000279855326252394	0	0.00116115411681914	0.0122093023255814	0.0392561983471074	0.235537190082645	*
temp_vcf4_SM_AS17.vcf	Brahy.D02G0110200.v1.1	0	0	22	46	3577.33333333332	1150.66666666667	0	0	0.00614983227730155	0.0399768250289686	-3	*	*
temp_vcf4_SM_AS17.vcf	Brahy.D02G0110500.v1.1	0	0	1	0	1117	415.999999999999	0	0	0.0008952551477171	0	0	*	*
temp_vcf4_SM_AS17.vcf	Brahy.D02G0111800.v1.1	0	0	0	0	705.999999999999	236	0	0	0	0	*	*	*
temp_vcf4_SM_AS17.vcf	Brahy.D02G0112200.v1.1	0	0	4	0	1451.33333333333	528.666666666666	0	0	0.00275608635737253	0	-3	*	*
temp_vcf4_SM_AS17.vcf	Brahy.D02G0113000.v1.1	0	0	1	4	1089	371.999999999999	0	0	0.000918273645546374	0.010752688172043	0	*	*
temp_vcf4_SM_AS17.vcf	Brahy.D02G0113900.v1.1	0	0	0	0	918.999999999998	299	0	0	0	0	*	*	*
temp_vcf4_SM_AS17.vcf	Brahy.D02G0119700.v1.1	0	0	16	6	2373.83333333333	761.166666666669	0	0	0.00674015305764235	0.0078826363039194	0	*	*
temp_vcf4_SM_AS17.vcf	Brahy.D02G0123600.v1.1	0	0	4	3	2032.33333333334	670.666666666667	0	0	0.00196818107265868	0.00447316103379721	0	*	*
temp_vcf4_SM_AS17.vcf	Brahy.D02G0124500.v1.1	0	0	10	11	1540.66666666667	514.333333333332	0	0	0.00649069666810902	0.0213869086195723	0	*	*
temp_vcf4_SM_AS17.vcf	Brahy.D02G0129000.v1.1	0	0	4	7	1048.5	322.499999999999	0	0	0.00381497377205532	0.0217054263565892	0	*	*
temp_vcf4_SM_AS17.vcf	Brahy.D02G0130600.v1.1	0	0	10	11	3287.33333333332	1017.66666666667	0	0	0.00304197931454067	0.010809040288241	0	*	*
temp_vcf4_SM_AS17.vcf	Brahy.D02G0131900.v1.1	0	0	0	0	759.999999999999	260	0	0	0	0	*	*	*
temp_vcf4_SM_AS17.vcf	Brahy.D02G0132700.v1.1	0	0	0	0	526.333333333333	181.666666666667	0	0	0	0	*	*	*
temp_vcf4_SM_AS17.vcf	Brahy.D02G0135100.v1.1	0	0	0	0	1024	379.999999999999	0	0	0	0	*	*	*
temp_vcf4_SM_AS17.vcf	Brahy.D02G0136000.v1.1	0	0	0	0	4352.49999999998	1341.5	0	0	0	0	*	*	*
temp_vcf4_SM_AS17.vcf	Brahy.D02G0136100.v1.1	0	0	0	0	478.166666666667	172.833333333333	0	0	0	0	*	*	*
temp_vcf4_SM_AS17.vcf	Brahy.D02G0137400.v1.1	0	0	1	0	1705.83333333334	598.166666666667	0	0	0.000586223742061552	0	0	*	*
temp_vcf4_SM_AS17.vcf	Brahy.D02G0138400.v1.1	0	0.0740740740740742	2	1.96296296296296	1634.66666666667	534.333333333332	0	0.000138628959589659	0.00122349102773246	0.00367366742912595	0.0178326474622771	*	0.0713305898491086
temp_vcf4_SM_AS17.vcf	Brahy.D02G0138700.v1.1	0	0	0	0	2033.33333333334	678.666666666668	0	0	0	0	*	*	*
temp_vcf4_SM_AS17.vcf	Brahy.D02G0141500.v1.1	0	0	20	22	2524	776.000000000003	0	0	0.00792393026941363	0.0283505154639174	0	*	*
temp_vcf4_SM_AS17.vcf	Brahy.D02G0141700.v1.1	0	0	10	2	1179.66666666667	374.333333333333	0	0	0.00847697089573327	0.00534283170080143	0	*	*
temp_vcf4_SM_AS17.vcf	Brahy.D02G0141800.v1.1	0	0	8	8	881.499999999999	303.5	0	0	0.00907543959160523	0.0263591433278419	0	*	*
temp_vcf4_SM_AS17.vcf	Brahy.D02G0146700.v1.1	0	0	13	10	1220.83333333333	351.166666666666	0	0	0.0106484641638225	0.0284765068818225	0	*	*
temp_vcf4_SM_AS17.vcf	Brahy.D02G0147500.v1.1	0	0	1	0	1129.33333333333	331.666666666666	0	0	0.000885478158205431	0	0	*	*
temp_vcf4_SM_AS17.vcf	Brahy.D02G0149000.v1.1	0	0	20	76	3473.33333333332	1350.66666666666	0	0	0.00575815738963534	0.056268509378085	-3	*	*
temp_vcf4_SM_AS17.vcf	Brahy.D02G0149100.v1.1	0	0	2	4	424	140	0	0	0.00471698113207547	0.0285714285714286	0	*	*
temp_vcf4_SM_AS17.vcf	Brahy.D02G0150100.v1.1	0	0	1	2	354.666666666667	89.3333333333333	0	0	0.00281954887218045	0.0223880597014925	0	*	*
temp_vcf4_SM_AS17.vcf	Brahy.D02G0151300.v1.1	1.21878353530527	0.117424242424242	4.36438923395445	1.28371628371628	929.829059829058	300.742368742368	0.00131076085697874	0.000390447953559992	0.00469375439261579	0.00426849162984409	0.142037288950867	0.291117417127513	0.11386593204775
temp_vcf4_SM_AS17.vcf	Brahy.D02G0154400.v1.1	0.470588235294118	0	0	1.35294117647059	541.264705882353	175.735294117647	0.000869423463565722	0	0	0.00769874476987447	0.228373702422145	0.456747404844291	*
temp_vcf4_SM_AS17.vcf	Brahy.D02G0156200.v1.1	0.344202898550725	0.304232804232804	9.79166666666667	6.82142857142857	1271.16666666667	447.833333333333	0.000270777158949043	0.000679343812950066	0.00770289760062934	0.0152320697538413	0.0366604975323463	0.329861111111111	0.293367346938776
temp_vcf4_SM_AS17.vcf	Brahy.D02G0157200.v1.1	0	0	3	6	1060.16666666666	316.833333333333	0	0	0.00282974375098256	0.0189374013677012	0	*	*
temp_vcf4_SM_AS17.vcf	Brahy.D02G0157500.v1.1	0	0	22	14	4041.99999999997	1202	0	0	0.00544285007422072	0.0116472545757071	-3	*	*
temp_vcf4_SM_AS17.vcf	Brahy.D02G0162000.v1.1	0	0	1	1	1291.66666666667	400.333333333333	0	0	0.000774193548387097	0.00249791840133223	0	*	*
temp_vcf4_SM_AS17.vcf	Brahy.D02G0162800.v1.1	0	0	1	0	1390.83333333334	454.166666666665	0	0	0.000718993409227081	0	0	*	*
temp_vcf4_SM_AS17.vcf	Brahy.D02G0165000.v1.1	0	0	9	5	973.499999999998	298.5	0	0	0.00924499229583978	0.016750418760469	0	*	*
temp_vcf4_SM_AS17.vcf	Brahy.D02G0165600.v1.1	0	0	1	0	922.166666666664	253.833333333334	0	0	0.00108440267485993	0	0	*	*
temp_vcf4_SM_AS17.vcf	Brahy.D02G0166000.v1.1	0	0	0	0	553.000000000001	212	0	0	0	0	*	*	*
temp_vcf4_SM_AS17.vcf	Brahy.D02G0167700.v1.1	0	0	1	0	2152.50000000001	643.500000000002	0	0	0.000464576074332171	0	0	*	*
temp_vcf4_SM_AS17.vcf	Brahy.D02G0169300.v1.1	0	0	1	2	2184.66666666667	644.333333333335	0	0	0.000457735733902959	0.00310398344542162	0	*	*
temp_vcf4_SM_AS17.vcf	Brahy.D02G0170600.v1.1	0	0	3	2	724.999999999999	253	0	0	0.00413793103448276	0.00790513833992094	0	*	*
temp_vcf4_SM_AS17.vcf	Brahy.D02G0170900.v1.1	0	0	0	0	953.333333333332	306.666666666667	0	0	0	0	*	*	*
temp_vcf4_SM_AS17.vcf	Brahy.D02G0173000.v1.1	0	0	6.05084745762712	5.94915254237288	791.666666666666	273.333333333334	0	0	0.00764317573595005	0.0217651922281934	0	*	*
temp_vcf4_SM_AS17.vcf	Brahy.D02G0173100.v1.1	0	0	4	4	794.333333333332	270.666666666667	0	0	0.00503566932438104	0.0147783251231527	0	*	*
temp_vcf4_SM_AS17.vcf	Brahy.D02G0174000.v1.1	0	0	2	0	525.666666666667	170.333333333333	0	0	0.00380469245402663	0	0	*	*
temp_vcf4_SM_AS17.vcf	Brahy.D02G0175300.v1.1	0	0	2	2	737.666666666666	252.333333333334	0	0	0.00271125169453231	0.00792602377807133	0	*	*
temp_vcf4_SM_AS17.vcf	Brahy.D02G0176800.v1.1	0	0	3	3	1826.33333333334	588.666666666666	0	0	0.00164263551743018	0.00509626274065686	0	*	*
temp_vcf4_SM_AS17.vcf	Brahy.D02G0178700.v1.1	0	0	1	0	2014.33333333334	595.666666666666	0	0	0.000496442164487835	0	0	*	*
temp_vcf4_SM_AS17.vcf	Brahy.D02G0181900.v1.1	0	0	0	0	3098.66666666666	915.333333333338	0	0	0	0	*	*	*
temp_vcf4_SM_AS17.vcf	Brahy.D02G0182000.v1.1	0	0	0	0	1113.66666666666	359.333333333333	0	0	0	0	*	*	*
temp_vcf4_SM_AS17.vcf	Brahy.D02G0183400.v1.1	0	0	0	0	230.666666666667	78.3333333333333	0	0	0	0	*	*	*
temp_vcf4_SM_AS17.vcf	Brahy.D02G0186100.v1.1	0	0	0	1	696.166666666666	209.833333333334	0	0	0	0.00476568705321683	0	*	*
temp_vcf4_SM_AS17.vcf	Brahy.D02G0187200.v1.1	0	0	0	0	2518	788.000000000003	0	0	0	0	*	*	*
temp_vcf4_SM_AS17.vcf	Brahy.D02G0187600.v1.1	0	0	2	2	2151.66666666667	638.333333333333	0	0	0.000929512006196745	0.00313315926892951	-3	*	*
temp_vcf4_SM_AS17.vcf	Brahy.D02G0190600.v1.1	0	0	3	0	1404	476.999999999999	0	0	0.00213675213675213	0	0	*	*
temp_vcf4_SM_AS17.vcf	Brahy.D02G0192500.v1.1	0	0	0	1	1223.83333333333	393.166666666666	0	0	0	0.00254345061466723	0	*	*
temp_vcf4_SM_AS17.vcf	Brahy.D02G0193100.v1.1	0	0	0	1	816.833333333332	326.166666666666	0	0	0	0.00306591722023506	0	*	*
temp_vcf4_SM_AS17.vcf	Brahy.D02G0196200.v1.1	0	0	1	0	622.166666666667	205.833333333333	0	0	0.001607286364854	0	0	*	*
temp_vcf4_SM_AS17.vcf	Brahy.D02G0198100.v1.1	0	0	2	0	693.833333333333	185.166666666667	0	0	0.00288253663223637	0	0	*	*
temp_vcf4_SM_AS17.vcf	Brahy.D02G0199100.v1.1	0	0	1.98181818181818	0	548.833333333334	177.166666666667	0	0	0.00361096540871822	0	0	*	*
temp_vcf4_SM_AS17.vcf	Brahy.D02G0203900.v1.1	0	0	2	4	659.5	216.5	0	0	0.00303260045489007	0.0184757505773672	0	*	*
temp_vcf4_SM_AS17.vcf	Brahy.D02G0205100.v1.1	0	0.133333333333333	1	0.933333333333333	1130.83333333333	327.166666666666	0	0.000407539480387163	0.000884303610906411	0.00285277636271014	0.0622222222222222	*	0.124444444444444
temp_vcf4_SM_AS17.vcf	Brahy.D02G0206700.v1.1	0	0	1.96969696969697	4.03030303030303	1275.83333333333	440.166666666666	0	0	0.00154385131524256	0.00915631131458472	0	*	*
temp_vcf4_SM_AS17.vcf	Brahy.D02G0207000.v1.1	0	0	3	2	1521.66666666667	515.333333333332	0	0	0.00197152245345016	0.00388098318240622	0	*	*
temp_vcf4_SM_AS17.vcf	Brahy.D02G0209600.v1.1	0	0	2	2	1412	522.999999999999	0	0	0.00141643059490085	0.00382409177820268	0	*	*
temp_vcf4_SM_AS17.vcf	Brahy.D02G0211500.v1.1	0	0	3	1	592	224	0	0	0.00506756756756756	0.00446428571428571	0	*	*
temp_vcf4_SM_AS17.vcf	Brahy.D02G0211600.v1.1	0	0	0	1	552.000000000001	213	0	0	0	0.00469483568075117	0	*	*
temp_vcf4_SM_AS17.vcf	Brahy.D02G0212300.v1.1	0	0	3	0	914.833333333332	291.166666666667	0	0	0.00327928584441611	0	0	*	*
temp_vcf4_SM_AS17.vcf	Brahy.D02G0213600.v1.1	0	0	0	0	690.833333333333	236.166666666667	0	0	0	0	*	*	*
temp_vcf4_SM_AS17.vcf	Brahy.D02G0213800.v1.1	0	0	0	0	539.666666666667	207.333333333333	0	0	0	0	*	*	*
temp_vcf4_SM_AS17.vcf	Brahy.D02G0215400.v1.1	0	0	1	0	875.499999999999	264.5	0	0	0.00114220445459737	0	0	*	*
temp_vcf4_SM_AS17.vcf	Brahy.D02G0215600.v1.1	0.268421052631579	0.268421052631579	1.15	1.15	398.333333333333	144.666666666667	0.000673860383175512	0.00185544506427359	0.00288702928870293	0.00794930875576037	0.1275	0.255	0.255
temp_vcf4_SM_AS17.vcf	Brahy.D02G0217500.v1.1	0	0	0	0	1193	405.999999999999	0	0	0	0	*	*	*
temp_vcf4_SM_AS17.vcf	Brahy.D02G0217800.v1.1	0	0	5	4	939.499999999999	329.5	0	0	0.00532197977647686	0.0121396054628225	0	*	*
temp_vcf4_SM_AS17.vcf	Brahy.D02G0218200.v1.1	0	0	3	1	1315	427.999999999999	0	0	0.00228136882129277	0.00233644859813085	0	*	*
temp_vcf4_SM_AS17.vcf	Brahy.D02G0218700.v1.1	0	0	1	1	1362.16666666667	434.833333333332	0	0	0.000734124556466413	0.00229973169796858	0	*	*
temp_vcf4_SM_AS17.vcf	Brahy.D02G0219200.v1.1	0	0	1	1	621.333333333333	230.666666666667	0	0	0.00160944206008584	0.00433526011560693	0	*	*
temp_vcf4_SM_AS17.vcf	Brahy.D02G0219900.v1.1	0	0	8	7	2745.83333333333	815.166666666669	0	0	0.0029135053110774	0.00858720098139437	0	*	*
temp_vcf4_SM_AS17.vcf	Brahy.D02G0222400.v1.1	0	0	0	1	1172	381.999999999999	0	0	0	0.00261780104712042	0	*	*
temp_vcf4_SM_AS17.vcf	Brahy.D02G0223200.v1.1	0	0	0	0	932.666666666665	282.333333333333	0	0	0	0	*	*	*
temp_vcf4_SM_AS17.vcf	Brahy.D02G0223500.v1.1	0	0	0	8	2127.66666666667	662.333333333333	0	0	0	0.0120785103170609	-3	*	*
temp_vcf4_SM_AS17.vcf	Brahy.D02G0225500.v1.1	0	0	2	2	1336.5	406.499999999999	0	0	0.00149644594089038	0.00492004920049202	0	*	*
temp_vcf4_SM_AS17.vcf	Brahy.D02G0226500.v1.1	0	0	1	2	666.166666666667	230.833333333333	0	0	0.00150112584438329	0.00866425992779783	0	*	*
temp_vcf4_SM_AS17.vcf	Brahy.D02G0227600.v1.1	0	0	4	1	493.000000000001	155	0	0	0.00811359026369167	0.00645161290322581	0	*	*
temp_vcf4_SM_AS17.vcf	Brahy.D02G0228000.v1.1	0	0	0	0	997.833333333332	322.166666666667	0	0	0	0	*	*	*
temp_vcf4_SM_AS17.vcf	Brahy.D02G0231700.v1.1	0	0	0	2	512.833333333334	192.166666666667	0	0	0	0.01040763226366	0	*	*
temp_vcf4_SM_AS17.vcf	Brahy.D02G0232000.v1.1	0.564732005654927	0.428571428571429	2.1375	4.15319231140732	2397.16091954023	698.839080459772	0.000235583686122849	0.000613261966244744	0.000891679812805377	0.00594298806053448	0.119292429437313	0.181212162550898	0.205351473922902
temp_vcf4_SM_AS17.vcf	Brahy.D02G0240600.v1.1	0	0	1	0	750.666666666666	248.333333333334	0	0	0.00133214920071048	0	0	*	*
temp_vcf4_SM_AS17.vcf	Brahy.D02G0243000.v1.1	0	0	2	4	2079.33333333334	635.666666666667	0	0	0.000961846745751839	0.00629260618772942	0	*	*
temp_vcf4_SM_AS17.vcf	Brahy.D02G0243500.v1.1	0	0	4	3	1529.5	543.499999999999	0	0	0.0026152337365152	0.00551977920883166	0	*	*
temp_vcf4_SM_AS17.vcf	Brahy.D02G0245800.v1.1	0	0	4	9	2230	692	0	0	0.00179372197309417	0.0130057803468208	-2.57142857142857	*	*
temp_vcf4_SM_AS17.vcf	Brahy.D02G0247400.v1.1	0	0	5	7	1087	356	0	0	0.00459981600735971	0.0196629213483146	0	*	*
temp_vcf4_SM_AS17.vcf	Brahy.D02G0250100.v1.1	0	0	0	0	651.833333333333	188.166666666667	0	0	0	0	*	*	*
temp_vcf4_SM_AS17.vcf	Brahy.D02G0251900.v1.1	0	0	6	2	1754.66666666667	549.333333333332	0	0	0.00341945288753798	0.00364077669902913	-3	*	*
temp_vcf4_SM_AS17.vcf	Brahy.D02G0253800.v1.1	0	0	2	0	1317.33333333333	410.666666666666	0	0	0.00151821862348178	0	0	*	*
temp_vcf4_SM_AS17.vcf	Brahy.D02G0254100.v1.1	0	0	1	1	884.333333333332	255.666666666667	0	0	0.00113079532604599	0.00391134289439373	0	*	*
temp_vcf4_SM_AS17.vcf	Brahy.D02G0256000.v1.1	0	0	0	0	845.833333333332	273.166666666667	0	0	0	0	*	*	*
temp_vcf4_SM_AS17.vcf	Brahy.D02G0257200.v1.1	0	0	0	1	845.999999999999	276	0	0	0	0.0036231884057971	0	*	*
temp_vcf4_SM_AS17.vcf	Brahy.D02G0257700.v1.1	0	0	3	1	1262.5	390.5	0	0	0.00237623762376238	0.00256081946222792	0	*	*
temp_vcf4_SM_AS17.vcf	Brahy.D02G0259300.v1.1	0	0	6	8	2865.66666666666	827.333333333335	0	0	0.00209375363498895	0.00966962127316678	-3	*	*
temp_vcf4_SM_AS17.vcf	Brahy.D02G0262000.v1.1	0.596314708834097	0.376926953732056	15.7498914459401	13.969764837626	1109.26143837036	369.738561629638	0.000537578147231148	0.00101944182416553	0.014198538686316	0.0377828181514356	0.0297256128061916	0.194355010629274	0.184077288955156
temp_vcf4_SM_AS17.vcf	Brahy.D02G0262100.v1.1	0	0	2	1	1220	387.999999999999	0	0	0.00163934426229508	0.00257731958762887	0	*	*
temp_vcf4_SM_AS17.vcf	Brahy.D02G0263600.v1.1	0.233333333333333	0	0.875	1	784.166666666666	241.833333333334	0.000297555791710946	0	0.00111583421891605	0.00413507925568573	0.109375	0.21875	*
temp_vcf4_SM_AS17.vcf	Brahy.D02G0263700.v1.1	0	0	2	1	783.833333333332	242.166666666667	0	0	0.00255156283223475	0.00412938747419132	0	*	*
temp_vcf4_SM_AS17.vcf	Brahy.D02G0264100.v1.1	0	0	1	1	535	197	0	0	0.00186915887850467	0.00507614213197969	0	*	*
temp_vcf4_SM_AS17.vcf	Brahy.D02G0264700.v1.1	0	0	24	97.8518518518518	4536.32098765431	1484.23456790123	0	0	0.00529063090229208	0.0659274847574926	-2.99061905394044	*	*
temp_vcf4_SM_AS17.vcf	Brahy.D02G0265700.v1.1	0	0	0	1	549.166666666667	212.833333333334	0	0	0	0.00469851213782302	0	*	*
temp_vcf4_SM_AS17.vcf	Brahy.D02G0266400.v1.1	0	0	0	1	554.666666666667	177.333333333334	0	0	0	0.0056390977443609	0	*	*
temp_vcf4_SM_AS17.vcf	Brahy.D02G0268600.v1.1	0	0	0	0	2356	695.000000000003	0	0	0	0	*	*	*
temp_vcf4_SM_AS17.vcf	Brahy.D02G0269000.v1.1	0	0.228260869565217	6	4.875	2297.16666666667	795.833333333337	0	0.000286819940814932	0.00261191322643836	0.00612565445026175	0.0198863636363636	*	0.21875
temp_vcf4_SM_AS17.vcf	Brahy.D02G0269400.v1.1	0	0	1	0	822.166666666665	281.833333333333	0	0	0.00121629839854044	0	0	*	*
temp_vcf4_SM_AS17.vcf	Brahy.D02G0269800.v1.1	0	0	0	0	707.666666666666	201.333333333333	0	0	0	0	*	*	*
temp_vcf4_SM_AS17.vcf	Brahy.D02G0269900.v1.1	0	0	1	2	2349.66666666667	689.333333333335	0	0	0.000425592282593275	0.00290135396518375	0	*	*
temp_vcf4_SM_AS17.vcf	Brahy.D02G0272900.v1.1	0	0	2	0	407.333333333334	132.666666666667	0	0	0.00490998363338789	0	0	*	*
temp_vcf4_SM_AS17.vcf	Brahy.D02G0273100.v1.1	0.517522477522477	0	2.15384615384615	0.136363636363636	359.5	114.5	0.00143956182899159	0	0.00599122713170001	0.00119094878920206	0.0991784439336887	0.247946109834222	*
temp_vcf4_SM_AS17.vcf	Brahy.D02G0276900.v1.1	0	0	1	6	1195.16666666667	406.833333333333	0	0	0.000836703388648725	0.0147480540761983	0	*	*
temp_vcf4_SM_AS17.vcf	Brahy.D02G0281200.v1.1	0	0	1	1	1830.33333333334	587.666666666667	0	0	0.000546348570387906	0.00170164492342598	0	*	*
temp_vcf4_SM_AS17.vcf	Brahy.D02G0287300.v1.1	0	0	3	2	562.833333333334	193.166666666667	0	0	0.0053301747112822	0.0103537532355479	0	*	*
temp_vcf4_SM_AS17.vcf	Brahy.D02G0288200.v1.1	0	0	2	3	223.333333333333	79.6666666666667	0	0	0.00895522388059702	0.0376569037656904	0	*	*
temp_vcf4_SM_AS17.vcf	Brahy.D02G0293900.v1.1	0	0	0	0	705.833333333332	260.166666666667	0	0	0	0	*	*	*
temp_vcf4_SM_AS17.vcf	Brahy.D02G0294600.v1.1	0	0	2	0	324.5	101.5	0	0	0.0061633281972265	0	0	*	*
temp_vcf4_SM_AS17.vcf	Brahy.D02G0295200.v1.1	0.431159420289855	0	2.29166666666667	2	1038.66666666666	302.333333333333	0.000415108556119887	0	0.00220635430038511	0.00661521499448733	0.0826388888888889	0.413194444444444	*
temp_vcf4_SM_AS17.vcf	Brahy.D02G0295900.v1.1	0	0	5	2	1189	358.999999999999	0	0	0.00420521446593776	0.00557103064066853	0	*	*
temp_vcf4_SM_AS17.vcf	Brahy.D02G0296500.v1.1	0	0	0	1	628.5	202.5	0	0	0	0.00493827160493826	0	*	*
temp_vcf4_SM_AS17.vcf	Brahy.D02G0297200.v1.1	0	0	1	1	355.666666666667	91.3333333333333	0	0	0.0028116213683224	0.0109489051094891	0	*	*
temp_vcf4_SM_AS17.vcf	Brahy.D02G0297300.v1.1	0	0	0	0	343	110	0	0	0	0	*	*	*
temp_vcf4_SM_AS17.vcf	Brahy.D02G0298600.v1.1	0	0	0	0	807.833333333333	269.166666666667	0	0	0	0	*	*	*
temp_vcf4_SM_AS17.vcf	Brahy.D02G0298700.v1.1	0	0	1	3	1760.83333333334	495.166666666664	0	0	0.000567912920018928	0.00605856613934705	0	*	*
temp_vcf4_SM_AS17.vcf	Brahy.D02G0299200.v1.1	0	0	0	0	1199.83333333333	372.166666666666	0	0	0	0	*	*	*
temp_vcf4_SM_AS17.vcf	Brahy.D02G0302600.v1.1	0	0	4	2	489	177	0	0	0.00817995910020449	0.0112994350282486	0	*	*
temp_vcf4_SM_AS17.vcf	Brahy.D02G0306400.v1.1	0	0	1	1	678	213	0	0	0.00147492625368732	0.00469483568075117	0	*	*
temp_vcf4_SM_AS17.vcf	Brahy.D02G0306500.v1.1	0	0	9	5	641.666666666667	216.333333333334	0	0	0.014025974025974	0.0231124807395994	0	*	*
temp_vcf4_SM_AS17.vcf	Brahy.D02G0307300.v1.1	0	0	6	6	562.333333333333	190.666666666667	0	0	0.010669828097214	0.0314685314685314	0	*	*
temp_vcf4_SM_AS17.vcf	Brahy.D02G0307800.v1.1	0	0	9	10	573.5	221.5	0	0	0.015693112467306	0.0451467268623024	-0.8	*	*
temp_vcf4_SM_AS17.vcf	Brahy.D02G0308500.v1.1	10.0654420294914	8.36889178834017	15.4756904188082	10.7392193907777	1077.18815015027	355.811849849724	0.0093441819129622	0.0235205538878897	0.0143667477372911	0.0301822982998272	0.372440470847319	0.465019602005933	0.477160644620396
temp_vcf4_SM_AS17.vcf	Brahy.D02G0308800.v1.1	0	0	3	3	1159.5	367.5	0	0	0.00258732212160414	0.00816326530612246	0	*	*
temp_vcf4_SM_AS17.vcf	Brahy.D02G0309400.v1.1	0	0	2	0	1469.66666666667	492.333333333332	0	0	0.00136085280108868	0	0	*	*
temp_vcf4_SM_AS17.vcf	Brahy.D02G0313500.v1.1	0	0	5	4	1255.5	388.499999999999	0	0	0.00398247710075667	0.0102960102960103	0	*	*
temp_vcf4_SM_AS17.vcf	Brahy.D02G0313800.v1.1	0	0	2	1	335	103	0	0	0.00597014925373134	0.00970873786407768	0	*	*
temp_vcf4_SM_AS17.vcf	Brahy.D02G0314500.v1.1	0	0	2	2	1004	331	0	0	0.00199203187250996	0.00604229607250756	0	*	*
temp_vcf4_SM_AS17.vcf	Brahy.D02G0316200.v1.1	0	0	1	2	329.333333333333	96.6666666666666	0	0	0.00303643724696356	0.0206896551724138	0	*	*
temp_vcf4_SM_AS17.vcf	Brahy.D02G0318200.v1.1	0	0	14.6538461538462	15	7893.33913670178	2129.66956835074	0	0	0.0018564825228033	0.00704334617112283	-7.83025147928994	*	*
temp_vcf4_SM_AS17.vcf	Brahy.D02G0318600.v1.1	0	0	1	0	234	63.0000000000001	0	0	0.00427350427350428	0	0	*	*
temp_vcf4_SM_AS17.vcf	Brahy.D02G0319000.v1.1	0	0	0	0	354	135	0	0	0	0	*	*	*
temp_vcf4_SM_AS17.vcf	Brahy.D02G0319300.v1.1	0	0	0	0	492.166666666667	149.833333333333	0	0	0	0	*	*	*
temp_vcf4_SM_AS17.vcf	Brahy.D02G0321100.v1.1	0	0	1	1	1187.5	393.499999999999	0	0	0.000842105263157894	0.00254129606099111	0	*	*
temp_vcf4_SM_AS17.vcf	Brahy.D02G0321500.v1.1	0.0540540540540539	0	0.972972972972973	0	1497.5	449.499999999999	3.60961963633081e-05	0	0.000649731534539546	0	0.0525931336742147	0.0525931336742147	*
temp_vcf4_SM_AS17.vcf	Brahy.D02G0324900.v1.1	0	0	0	0	188.333333333333	69.6666666666667	0	0	0	0	*	*	*
temp_vcf4_SM_AS17.vcf	Brahy.D02G0325300.v1.1	0	0	0	0	710.999999999999	222	0	0	0	0	*	*	*
temp_vcf4_SM_AS17.vcf	Brahy.D02G0326400.v1.1	0	0	0	0	330.833333333333	107.166666666667	0	0	0	0	*	*	*
temp_vcf4_SM_AS17.vcf	Brahy.D02G0326800.v1.1	0	0	0	0	618.5	185.5	0	0	0	0	*	*	*
temp_vcf4_SM_AS17.vcf	Brahy.D02G0326900.v1.1	0	0	0	0	789.833333333332	272.166666666667	0	0	0	0	*	*	*
temp_vcf4_SM_AS17.vcf	Brahy.D02G0329700.v1.1	2.53426573426573	1.52965367965368	16.5008741258741	4.6969696969697	684.469696969697	218.530303030303	0.00370252437103572	0.00699973257000227	0.0241075305436125	0.0214934479650558	0.140369478446065	0.454720415559576	0.458668120599939
temp_vcf4_SM_AS17.vcf	Brahy.D02G0331400.v1.1	0	0	6	91	8163.16666666678	2345.83333333333	0	0	0.000735008881357306	0.0387921847246893	-2.93877551020408	*	*
temp_vcf4_SM_AS17.vcf	Brahy.D02G0333400.v1.1	0	0	0	0	856.166666666665	307.833333333333	0	0	0	0	*	*	*
temp_vcf4_SM_AS17.vcf	Brahy.D02G0333800.v1.1	0	0	1	1	598.5	193.5	0	0	0.00167084377610693	0.00516795865633074	0	*	*
temp_vcf4_SM_AS17.vcf	Brahy.D02G0334600.v1.1	0	0	1	0	609.5	215.5	0	0	0.00164068908941756	0	0	*	*
temp_vcf4_SM_AS17.vcf	Brahy.D02G0335600.v1.1	0	0	2	0	866.166666666666	261.833333333334	0	0	0.0023090244371753	0	0	*	*
temp_vcf4_SM_AS17.vcf	Brahy.D02G0336700.v1.1	0	0	3	1	475.5	172.5	0	0	0.00630914826498422	0.00579710144927536	0	*	*
temp_vcf4_SM_AS17.vcf	Brahy.D02G0338200.v1.1	0	0	0	0	311.833333333333	105.166666666667	0	0	0	0	*	*	*
temp_vcf4_SM_AS17.vcf	Brahy.D02G0338600.v1.1	0.0606060606060606	0	1.96969696969697	0	493.166666666667	166.833333333333	0.000122891640296169	0	0.00399397830962548	0	0.0293847566574839	0.0587695133149677	*
temp_vcf4_SM_AS17.vcf	Brahy.D02G0339100.v1.1	0.125	0	16.9375	14	2377.125	829.875000000003	5.25845296313825e-05	0	0.00712520376505233	0.0168700105437565	-0.687800480769231	0.1171875	*
temp_vcf4_SM_AS17.vcf	Brahy.D02G0339900.v1.1	0	0	1	0	1660.33333333334	535.666666666666	0	0	0.000602288697048785	0	0	*	*
temp_vcf4_SM_AS17.vcf	Brahy.D02G0340900.v1.1	0	0	0	3	1755.33333333334	530.666666666665	0	0	0	0.00565326633165831	0	*	*
temp_vcf4_SM_AS17.vcf	Brahy.D02G0342100.v1.1	4.17141382868937	0.919799498746867	7.30337117303062	4.09619883040936	1460.03108588465	423.968914115352	0.00285707192745274	0.00216949749881099	0.0050022025172193	0.00966155464241153	0.237013273980495	0.389989151839107	0.420186980609418
temp_vcf4_SM_AS17.vcf	Brahy.D02G0345600.v1.1	0	0	1	0	887.833333333332	309.166666666667	0	0	0.0011263375258119	0	0	*	*
temp_vcf4_SM_AS17.vcf	Brahy.D02G0347700.v1.1	0	0	6	2	1163	399.999999999999	0	0	0.00515907136715392	0.00500000000000001	0	*	*
temp_vcf4_SM_AS17.vcf	Brahy.D02G0348800.v1.1	0	0	16	11.7	2142.62666666667	624.640833333333	0	0	0.0074674698345333	0.0187307639456808	-2.9175	*	*
temp_vcf4_SM_AS17.vcf	Brahy.D02G0349900.v1.1	0	0	0	1	1906.33333333334	640.666666666666	0	0	0	0.00156087408949012	0	*	*
temp_vcf4_SM_AS17.vcf	Brahy.D02G0350900.v1.1	0	0	4	8	1237	367.999999999999	0	0	0.00323362974939369	0.0217391304347827	0	*	*
temp_vcf4_SM_AS17.vcf	Brahy.D02G0352400.v1.1	0	0	2	3	1614.5	533.499999999999	0	0	0.00123877361412202	0.00562324273664481	0	*	*
temp_vcf4_SM_AS17.vcf	Brahy.D02G0353200.v1.1	0	0	8	2	1344.33333333333	458.666666666666	0	0	0.00595090503347384	0.00436046511627908	0	*	*
temp_vcf4_SM_AS17.vcf	Brahy.D02G0354600.v1.1	0	0	7	6	1585	532.999999999999	0	0	0.00441640378548895	0.0112570356472796	0	*	*
temp_vcf4_SM_AS17.vcf	Brahy.D02G0358700.v1.1	0	0	0	0	1063.16666666667	391.833333333333	0	0	0	0	*	*	*
temp_vcf4_SM_AS17.vcf	Brahy.D02G0360200.v1.1	0	0	3	1	1278.83333333333	404.166666666667	0	0	0.00234588817933012	0.00247422680412371	0	*	*
temp_vcf4_SM_AS17.vcf	Brahy.D02G0363200.v1.1	0	0	1	2	540.166666666667	164.833333333333	0	0	0.00185128046899105	0.0121334681496461	0	*	*
temp_vcf4_SM_AS17.vcf	Brahy.D02G0370000.v1.1	0	0	0	0	541.000000000001	188	0	0	0	0	*	*	*
temp_vcf4_SM_AS17.vcf	Brahy.D02G0374300.v1.1	0	0	8	1	1781.66666666667	567.333333333332	0	0	0.00449017773620204	0.00176263219741481	0	*	*
temp_vcf4_SM_AS17.vcf	Brahy.D02G0374400.v1.1	0	0	0	0	862.333333333332	313.666666666667	0	0	0	0	*	*	*
temp_vcf4_SM_AS17.vcf	Brahy.D02G0375200.v1.1	0	0	1	2	1199.83333333333	411.166666666665	0	0	0.00083344909015141	0.0048642075395217	0	*	*
temp_vcf4_SM_AS17.vcf	Brahy.D02G0378300.v1.1	0.817316017316017	0.391304347826087	3.4	1.41666666666667	1101.86666666666	347.133333333333	0.000741755824040433	0.00112724509648383	0.00308567279767667	0.00408104474745535	0.161825396825397	0.378888888888889	0.375
temp_vcf4_SM_AS17.vcf	Brahy.D02G0379800.v1.1	0	0	18	6	2766.16666666666	746.833333333338	0	0	0.00650720009640299	0.00803392099977678	-8	*	*
temp_vcf4_SM_AS17.vcf	Brahy.D02G0380500.v1.1	0	0	1	3	428.833333333334	144.166666666667	0	0	0.00233190827827439	0.0208092485549133	0	*	*
temp_vcf4_SM_AS17.vcf	Brahy.D02G0382300.v1.1	0	0	4	4	748.333333333333	253.666666666667	0	0	0.00534521158129176	0.0157687253613666	0	*	*
temp_vcf4_SM_AS17.vcf	Brahy.D02G0385800.v1.1	0	0	1	0	788.333333333332	234.666666666667	0	0	0.00126849894291755	0	0	*	*
temp_vcf4_SM_AS17.vcf	Brahy.D02G0386700.v1.1	0	0	4	1	426.5	164.5	0	0	0.00937866354044548	0.0060790273556231	0	*	*
temp_vcf4_SM_AS17.vcf	Brahy.D02G0389900.v1.1	1.39609519021284	0	1.97276688453159	1	1196.05410312273	372.416485112563	0.00116725086814035	0	0.00164939602596653	0.00268516577534893	0.22091416248578	0.33137124372867	*
temp_vcf4_SM_AS17.vcf	Brahy.D02G0391600.v1.1	0.0952380952380953	0	2	3.95238095238095	997.865079365077	337.13492063492	9.54418560259605e-05	0	0.00200427897654517	0.0117234398173215	0.0151171579743008	0.090702947845805	*
temp_vcf4_SM_AS17.vcf	Brahy.D02G0394100.v1.1	0	0	11	14	761.166666666666	258.833333333334	0	0	0.014451499890519	0.0540888602704442	0	*	*
temp_vcf4_SM_AS17.vcf	Brahy.D02G0394300.v1.1	0.0800000000000001	0	15.96	12	1276.64	451.359999999999	6.26644942975311e-05	0	0.0125015666123574	0.0265863169088976	0.00274285714285714	0.0768	*
temp_vcf4_SM_AS17.vcf	Brahy.D02G0397800.v1.1	0	0	2	2	143.666666666667	36.3333333333333	0	0	0.0139211136890951	0.055045871559633	0	*	*
temp_vcf4_SM_AS17.vcf	Brahy.D02G0398500.v1.1	0	0	2	2	539.166666666667	159.833333333333	0	0	0.00370942812982998	0.0125130344108446	0	*	*
temp_vcf4_SM_AS17.vcf	Brahy.D02G0405100.v1.1	0	0	6	7	1310.5	450.499999999999	0	0	0.00457840518885921	0.0155382907880134	0	*	*
temp_vcf4_SM_AS17.vcf	Brahy.D02G0405500.v1.1	0	0	4	7	1097.66666666666	375.333333333332	0	0	0.00364409353173399	0.0186500888099468	0	*	*
temp_vcf4_SM_AS17.vcf	Brahy.D02G0406100.v1.1	0	0	1	1	547.166666666667	169.833333333334	0	0	0.00182759671032592	0.00588812561334641	0	*	*
temp_vcf4_SM_AS17.vcf	Brahy.D02G0407100.v1.1	0	0	3	2	263.833333333333	90.1666666666667	0	0	0.0113708149084018	0.022181146025878	0	*	*
temp_vcf4_SM_AS17.vcf	Brahy.D02G0414700.v1.1	0	0	1	4	437.666666666667	159.333333333333	0	0	0.00228484386900228	0.0251046025104603	0	*	*
temp_vcf4_SM_AS17.vcf	Brahy.D02G0415900.v1.1	0	0.133333333333333	23.9333333333333	10	1899.83333333334	569.166666666666	0	0.000234260614934114	0.0125975962803754	0.0175695461200586	0.00345679012345679	*	0.124444444444444
temp_vcf4_SM_AS17.vcf	Brahy.D02G0421400.v1.1	0	0	12	4	1624	596	0	0	0.00738916256157634	0.00671140939597316	-15	*	*
temp_vcf4_SM_AS17.vcf	Brahy.D02G0421600.v1.1	0	0	18	14	1533.16666666667	530.833333333333	0	0	0.0117404065659311	0.0263736263736264	0	*	*
temp_vcf4_SM_AS17.vcf	Brahy.D02G0423900.v1.1	0	0	1	4	572.333333333333	177.666666666667	0	0	0.0017472335468841	0.0225140712945591	0	*	*
temp_vcf4_SM_AS17.vcf	Brahy.D02G0427200.v1.1	0	0	0	0	390	120	0	0	0	0	*	*	*
temp_vcf4_SM_AS17.vcf	Brahy.D02G0427500.v1.1	0	0	6	5	1131.16666666666	389.833333333333	0	0	0.00530425814056285	0.0128259940145362	0	*	*
temp_vcf4_SM_AS17.vcf	Brahy.D02G0430600.v1.1	0	0	0	0	287.166666666667	102.833333333333	0	0	0	0	*	*	*
temp_vcf4_SM_AS17.vcf	Brahy.D02G0432400.v1.1	0	0	2	0	410.833333333333	168.166666666667	0	0	0.00486815415821501	0	0	*	*
temp_vcf4_SM_AS17.vcf	Brahy.D02G0432900.v1.1	0	0	2	5	641.833333333333	237.166666666667	0	0	0.00311607374707868	0.0210822206605762	0	*	*
temp_vcf4_SM_AS17.vcf	Brahy.D02G0435800.v1.1	0	0	96	165	13018.6666666666	4204.33333333343	0	0	0.0073740270380992	0.0392452231824299	-33.4117647058824	*	*
temp_vcf4_SM_AS17.vcf	Brahy.D02G0435900.v1.1	0	0	10	2	637	218	0	0	0.0156985871271586	0.00917431192660549	0	*	*
temp_vcf4_SM_AS17.vcf	Brahy.D02G0436800.v1.1	0	0	8	4	1032.66666666667	341.333333333333	0	0	0.00774693350548742	0.01171875	0	*	*
temp_vcf4_SM_AS17.vcf	Brahy.D02G0437700.v1.1	0.192118226600985	0	10	9.89655172413793	1282.33333333333	424.666666666665	0.000149819256512336	0	0.00779828437743697	0.0233042819249716	0.00883302191268897	0.185493460166468	*
temp_vcf4_SM_AS17.vcf	Brahy.D02G0438000.v1.1	0	0	16	8	351.166666666667	101.833333333333	0	0	0.045562411010916	0.0785597381342063	0	*	*
temp_vcf4_SM_AS17.vcf	Brahy.D02G0441700.v1.1	0	0	3	6	905.499999999999	324.5	0	0	0.00331308669243512	0.0184899845916795	0	*	*
temp_vcf4_SM_AS17.vcf	Brahy.D02G0442300.v1.1	0	0	18	22	1909	761.000000000001	0	0	0.00942902042954425	0.0289093298291721	-3	*	*
temp_vcf4_SM_AS17.vcf	Brahy.D02G0444000.v1.1	0	0	15	11	1156.16666666667	403.833333333333	0	0	0.0129739080294075	0.0272389599669831	0	*	*
temp_vcf4_SM_AS17.vcf	Brahy.D02G0446400.v1.1	5.11920272709746	3.2739305843795	22.1940660474716	20.6764117590356	2485.79606085349	747.074527381803	0.00205938162334194	0.00438233464585296	0.0089283535351051	0.0276765048214107	0.130060018804437	0.281286947296003	0.302172302423415
temp_vcf4_SM_AS17.vcf	Brahy.D02G0446900.v1.1	0	0	3	1	1880.16666666667	585.833333333333	0	0	0.0015956032266643	0.00170697012802276	0	*	*
temp_vcf4_SM_AS17.vcf	Brahy.D02G0451800.v1.1	0	0	9	11	1780	538.999999999999	0	0	0.00505617977528089	0.0204081632653062	0	*	*
temp_vcf4_SM_AS17.vcf	Brahy.D02G0452000.v1.1	3.30745528980823	2.57936507936508	16.4083333333333	15.97441643324	1037.04967320261	315.950326797386	0.0031892930254673	0.00816383102214415	0.0158221286379284	0.050559898434554	0.135554340025491	0.418893488768056	0.44872763920383
temp_vcf4_SM_AS17.vcf	Brahy.D02G0453000.v1.1	0	0.198830409356725	30	13.8947368421053	1535.66666666667	438.333333333332	0	0.000453605496631314	0.0195354894725417	0.0316990194116471	0.00418590335487842	*	0.188365650969529
temp_vcf4_SM_AS17.vcf	Brahy.D02G0453900.v1.1	0	0	16	15	1591	493.999999999998	0	0	0.0100565681961031	0.0303643724696357	0	*	*
temp_vcf4_SM_AS17.vcf	Brahy.D02G0458700.v1.1	0	0	9	2	1444.16666666667	451.833333333332	0	0	0.00623196768609347	0.00442641091848028	0	*	*
temp_vcf4_SM_AS17.vcf	Brahy.D02G0463600.v1.1	0	0	29	20	1172.33333333333	393.666666666666	0	0	0.0247369917543361	0.0508044030482642	0	*	*
temp_vcf4_SM_AS17.vcf	Brahy.D02G0463700.v1.1	0	0	13.9795918367347	8.02040816326531	1181.83333333333	396.166666666666	0	0	0.0118287337498813	0.0202450353300765	0	*	*
temp_vcf4_SM_AS17.vcf	Brahy.D02G0472400.v1.1	0.981673289470827	0	12.3720930232558	5	1235.41472868217	398.418604651162	0.000794610317231677	0	0.0100145260826324	0.0125496147560122	0.0496099080302965	0.471294126287817	*
temp_vcf4_SM_AS17.vcf	Brahy.D02G0473100.v1.1	0	0	0	0	3607.83333333331	1087.16666666667	0	0	0	0	*	*	*
temp_vcf4_SM_AS17.vcf	Brahy.D02G0476700.v1.1	0	0	4	11.8181818181818	1090.09090909091	352.636363636363	0	0	0.00366941873071471	0.0335137922144883	-2.91115702479339	*	*
temp_vcf4_SM_AS17.vcf	Brahy.D02G0479100.v1.1	0	0	23	14	2568.16666666666	761.833333333336	0	0	0.00895580504899736	0.0183767228177641	0	*	*
temp_vcf4_SM_AS17.vcf	Brahy.D02G0480400.v1.1	1.85097532879895	0.192053360933816	5.3989666023028	5.51610424734157	968.095460744203	309.904539255796	0.00191197604353609	0.000619717805344229	0.00557689486339752	0.0177993657678843	0.146859248142962	0.343628777649038	0.191026337613315
temp_vcf4_SM_AS17.vcf	Brahy.D02G0482100.v1.1	4.70632083610225	0.6	7.31578619070334	1.52156862745098	300.832055972197	113.167944027803	0.0156443462146774	0.00530185473593646	0.0243185061082037	0.0134452263891722	0.341665665078921	0.330137803835498	0.48
temp_vcf4_SM_AS17.vcf	Brahy.D02G0484700.v1.1	0	0	0	1	1078.5	370.499999999999	0	0	0	0.00269905533063428	0	*	*
temp_vcf4_SM_AS17.vcf	Brahy.D02G0485200.v1.1	0	0	0	0	123.166666666667	41.8333333333333	0	0	0	0	*	*	*
temp_vcf4_SM_AS17.vcf	Brahy.D02G0488000.v1.1	0.0833333333333333	0.0833333333333333	4.95833333333333	7.95833333333333	1375.69444444445	400.305555555555	6.05754669358908e-05	0.000208174311289987	0.00360424028268551	0.0198806467281938	0.0122863247863248	0.0798611111111109	0.0798611111111109
temp_vcf4_SM_AS17.vcf	Brahy.D02G0494300.v1.1	0	0	0	0	327.333333333333	89.6666666666667	0	0	0	0	*	*	*
temp_vcf4_SM_AS17.vcf	Brahy.D02G0497200.v1.1	0	0	0	0	531.166666666667	164.833333333333	0	0	0	0	*	*	*
temp_vcf4_SM_AS17.vcf	Brahy.D02G0500500.v1.1	0	0	4	3	631.166666666666	226.833333333334	0	0	0.006337470293108	0.0132255694342395	0	*	*
temp_vcf4_SM_AS17.vcf	Brahy.D02G0502700.v1.1	0	0	56	84	5487.66666666669	1886.33333333331	0	0	0.0102047014517402	0.0445308358367208	-15	*	*
temp_vcf4_SM_AS17.vcf	Brahy.D02G0504600.v1.1	0	0	9	7	843.333333333332	296.666666666667	0	0	0.0106719367588933	0.0235955056179775	0	*	*
temp_vcf4_SM_AS17.vcf	Brahy.D02G0506300.v1.1	0	0	3	0	995.166666666665	306.833333333333	0	0	0.00301457042371463	0	0	*	*
temp_vcf4_SM_AS17.vcf	Brahy.D02G0507900.v1.1	0	0	1	0	274.166666666667	70.8333333333334	0	0	0.00364741641337386	0	0	*	*
temp_vcf4_SM_AS17.vcf	Brahy.D02G0508100.v1.1	0.0800000000000001	0.0800000000000001	13.96	12.96	1870.33333333334	703.666666666668	4.27731242202814e-05	0.000113690194220748	0.00746391017643911	0.0184178114637612	0.00568888888888889	0.0768	0.0768
temp_vcf4_SM_AS17.vcf	Brahy.D02G0509400.v1.1	0	0	14	9	2412	771.000000000002	0	0	0.00580431177446103	0.0116731517509727	0	*	*
temp_vcf4_SM_AS17.vcf	Brahy.D02G0510700.v1.1	0	0	1	4	336.333333333333	113.666666666667	0	0	0.00297324083250743	0.0351906158357771	0	*	*
temp_vcf4_SM_AS17.vcf	Brahy.D02G0511100.v1.1	0	0	2	1	856.833333333332	316.166666666667	0	0	0.00233417623030539	0.00316288877174486	0	*	*
temp_vcf4_SM_AS17.vcf	Brahy.D02G0512100.v1.1	0	0	27	6	2013.33333333334	575.666666666665	0	0	0.01341059602649	0.0104226983207875	-8	*	*
temp_vcf4_SM_AS17.vcf	Brahy.D02G0512600.v1.1	0	0	20	22	3185.16666666666	921.833333333337	0	0	0.00627910627387371	0.0238654854456698	-3	*	*
temp_vcf4_SM_AS17.vcf	Brahy.D02G0514400.v1.1	0.117647058823529	0.125	18	13.8786764705882	868.372549019607	286.627450980392	0.000135479937679229	0.000436106170474757	0.020728430464922	0.0484206115747708	0.00712231698745674	0.110726643598616	0.1171875
temp_vcf4_SM_AS17.vcf	Brahy.D02G0514700.v1.1	0	0	7	6	769.333333333332	256.666666666667	0	0	0.00909878682842289	0.0233766233766233	0	*	*
temp_vcf4_SM_AS17.vcf	Brahy.D02G0516100.v1.1	1.89014514896868	0.384615384615385	6.2987012987013	2.76923076923077	325.547619047619	106.452380952381	0.00580604814281317	0.00361302754503381	0.0193480183241026	0.0260137983242434	0.188360867821074	0.42923499005825	0.355029585798817
temp_vcf4_SM_AS17.vcf	Brahy.D02G0516300.v1.1	0	0	2	2	190.833333333333	58.1666666666667	0	0	0.0104803493449782	0.0343839541547278	0	*	*
temp_vcf4_SM_AS17.vcf	Brahy.D02G0516800.v1.1	0.163333333333333	0	143.392212912873	525.41516029512	13153.9228618127	3817.99341573797	1.24170815846509e-05	0	0.0109010988143436	0.137615522889414	-6.34167235085417	0.0783305555555555	*
temp_vcf4_SM_AS17.vcf	Brahy.D02G0522100.v1.1	0	0	10	7	1754.16666666667	546.833333333333	0	0	0.00570071258907362	0.0128009753124048	0	*	*
temp_vcf4_SM_AS17.vcf	Brahy.D02G0523800.v1.1	0	0	4	0	1105.16666666667	361.833333333333	0	0	0.00361936359523451	0	0	*	*
temp_vcf4_SM_AS17.vcf	Brahy.D02G0526300.v1.1	0.992090467671863	0	6.32848837209302	4.97435897435897	3448.04782846351	1021.95217153648	0.000287725262823269	0	0.0018353830013179	0.00486750663377929	0.0714511433035869	0.214353429910761	*
temp_vcf4_SM_AS17.vcf	Brahy.D02G0526600.v1.1	0	0	5	1	1533.33333333334	473.666666666665	0	0	0.00326086956521739	0.00211118930330754	0	*	*
temp_vcf4_SM_AS17.vcf	Brahy.D02G0527800.v1.1	0	0.309941520467836	5	3.83918128654971	1871.33333333334	549.666666666665	0	0.000563871777685574	0.00267189169932311	0.0069845626801996	0.0325893247304964	*	0.146651961287234
temp_vcf4_SM_AS17.vcf	Brahy.D02G0528000.v1.1	0.220588235294118	0	15.8823529411765	11	2185.83333333334	628.166666666666	0.000100917225449081	0	0.00726604023233386	0.0175112762005837	0.00768935024990389	0.207612456747405	*
temp_vcf4_SM_AS17.vcf	Brahy.D02G0529800.v1.1	0	0	0	2	829.499999999999	253.5	0	0	0	0.0078895463510848	0	*	*
temp_vcf4_SM_AS17.vcf	Brahy.D02G0530100.v1.1	0	0	0	1	2110.50000000001	637.500000000001	0	0	0	0.00156862745098039	0	*	*
temp_vcf4_SM_AS17.vcf	Brahy.D02G0531900.v1.1	0	0	90	45	12535.6666666664	3709.33333333345	0	0	0.00717951445209683	0.0121315600287559	-24	*	*
temp_vcf4_SM_AS17.vcf	Brahy.D02G0532900.v1.1	0	0	60	104	6401.50000000004	1953.49999999998	0	0	0.0093728032492384	0.053237778346558	-3	*	*
temp_vcf4_SM_AS17.vcf	Brahy.D02G0535800.v1.1	0	0	0	3	1083.83333333333	362.166666666666	0	0	0	0.00828347906120572	0	*	*
temp_vcf4_SM_AS17.vcf	Brahy.D02G0539300.v1.1	0	0	0	2	531.833333333334	182.166666666667	0	0	0	0.0109789569990851	0	*	*
temp_vcf4_SM_AS17.vcf	Brahy.D02G0541100.v1.1	0.142857142857143	0	1	0.928571428571429	1319.5	411.499999999999	0.000108266118118335	0	0.000757862826828344	0.00225655268182608	0.0663265306122449	0.13265306122449	*
temp_vcf4_SM_AS17.vcf	Brahy.D02G0545700.v1.1	0	0	0	0	315.5	89.5	0	0	0	0	*	*	*
temp_vcf4_SM_AS17.vcf	Brahy.D02G0546600.v1.1	0	0	6	5	1393.5	487.499999999999	0	0	0.00430570505920344	0.0102564102564103	0	*	*
temp_vcf4_SM_AS17.vcf	Brahy.D02G0548100.v1.1	3.55072036150983	1.49707602339181	13.0702683615819	15.9713631536468	2366.90888680034	708.091113199669	0.00150015084286147	0.00211424207349099	0.00552208343737757	0.0225555198418981	0.131024172405145	0.360580478268562	0.335155432440751
temp_vcf4_SM_AS17.vcf	Brahy.D02G0549200.v1.1	0	0	10	3	1108.16666666666	352.833333333333	0	0	0.00902391337043166	0.00850259801606047	0	*	*
temp_vcf4_SM_AS17.vcf	Brahy.D02G0549400.v1.1	0	0	4	5	276.5	89.5	0	0	0.0144665461121157	0.0558659217877095	0	*	*
temp_vcf4_SM_AS17.vcf	Brahy.D02G0551900.v1.1	0	0	0	1	267.333333333333	95.6666666666666	0	0	0	0.0104529616724739	0	*	*
temp_vcf4_SM_AS17.vcf	Brahy.D02G0552900.v1.1	0	0	4	3	886.999999999998	253.000000000001	0	0	0.00450958286358513	0.0118577075098814	0	*	*
temp_vcf4_SM_AS17.vcf	Brahy.D02G0553100.v1.1	0	0	2	6	1164.33333333333	338.666666666666	0	0	0.00171772115659891	0.0177165354330709	0	*	*
temp_vcf4_SM_AS17.vcf	Brahy.D02G0555600.v1.1	0	0	16	14	758.499999999999	249.5	0	0	0.021094264996704	0.0561122244488977	0	*	*
temp_vcf4_SM_AS17.vcf	Brahy.D02G0556000.v1.1	0	0	23	15	1254	443.999999999999	0	0	0.018341307814992	0.0337837837837839	0	*	*
temp_vcf4_SM_AS17.vcf	Brahy.D02G0558000.v1.1	0	0	8	15	1915.83333333334	574.166666666666	0	0	0.00417572857764244	0.0261248185776488	0	*	*
temp_vcf4_SM_AS17.vcf	Brahy.D02G0559600.v1.1	0	0	11	9	729.333333333332	236.666666666667	0	0	0.0150822669104205	0.0380281690140845	0	*	*
temp_vcf4_SM_AS17.vcf	Brahy.D02G0561000.v1.1	0	0	1	0	436.333333333334	133.666666666667	0	0	0.00229182582123758	0	0	*	*
temp_vcf4_SM_AS17.vcf	Brahy.D02G0564100.v1.1	0	0	2	6	545.666666666667	180.333333333333	0	0	0.00366524129505192	0.033271719038817	0	*	*
temp_vcf4_SM_AS17.vcf	Brahy.D02G0565600.v1.1	0	0	4	1	1138.33333333333	361.666666666666	0	0	0.00351390922401172	0.00276497695852535	0	*	*
temp_vcf4_SM_AS17.vcf	Brahy.D02G0565800.v1.1	1.56670342799375	0	4.48506571087216	5.62962962962963	1145.07407407407	366.342592592592	0.00136821142270697	0	0.00391683456330008	0.015367117401744	0.116414423901802	0.378346877680857	*
temp_vcf4_SM_AS17.vcf	Brahy.D02G0568300.v1.1	0	0	0	0	599.333333333333	210.666666666667	0	0	0	0	*	*	*
temp_vcf4_SM_AS17.vcf	Brahy.D02G0574000.v1.1	0	0	16	4	1138.16666666667	322.833333333333	0	0	0.014057695123737	0.0123902942694889	0	*	*
temp_vcf4_SM_AS17.vcf	Brahy.D02G0575900.v1.1	0	0	6	3	744.833333333332	257.166666666667	0	0	0.0080554933989707	0.0116655865197667	0	*	*
temp_vcf4_SM_AS17.vcf	Brahy.D02G0578400.v1.1	0	0	12	3	823.166666666665	286.833333333333	0	0	0.0145778497671594	0.010459035444509	0	*	*
temp_vcf4_SM_AS17.vcf	Brahy.D02G0579000.v1.1	0	0	0	0	846.499999999999	284.5	0	0	0	0	*	*	*
temp_vcf4_SM_AS17.vcf	Brahy.D02G0580200.v1.1	0.362637362637363	0	8.21428571428571	5	555.261904761905	191.738095238095	0.000653092458761169	0	0.0147935337249689	0.0260772382962871	0.0240524781341108	0.336734693877551	*
temp_vcf4_SM_AS17.vcf	Brahy.D02G0580800.v1.1	0	0	13	18	2288	808.000000000003	0	0	0.00568181818181818	0.0222772277227722	0	*	*
temp_vcf4_SM_AS17.vcf	Brahy.D02G0588200.v1.1	0	0	19	12	1213	364.999999999999	0	0	0.0156636438582028	0.0328767123287672	0	*	*
temp_vcf4_SM_AS17.vcf	Brahy.D02G0589500.v1.1	0	0	3	4	857.999999999998	261	0	0	0.0034965034965035	0.0153256704980843	0	*	*
temp_vcf4_SM_AS17.vcf	Brahy.D02G0590400.v1.1	0	0	3	0	785.666666666666	240.333333333334	0	0	0.00381841323716589	0	0	*	*
temp_vcf4_SM_AS17.vcf	Brahy.D02G0591600.v1.1	0	0	14	12	964.999999999998	286	0	0	0.0145077720207254	0.0419580419580419	0	*	*
temp_vcf4_SM_AS17.vcf	Brahy.D02G0594600.v1.1	0	0	1	0	696.333333333334	257.666666666667	0	0	0.00143609382479655	0	0	*	*
temp_vcf4_SM_AS17.vcf	Brahy.D02G0596200.v1.1	1.61978862109295	0	2.78636910403149	2.75	208.554923508624	64.4450764913764	0.00776672443806381	0	0.0133603611804268	0.042671995282184	0.226539939819885	0.396444894684799	*
temp_vcf4_SM_AS17.vcf	Brahy.D02G0596900.v1.1	0	0	1	1	1137.33333333333	365.666666666666	0	0	0.000879249706916765	0.00273473108477667	0	*	*
temp_vcf4_SM_AS17.vcf	Brahy.D02G0598500.v1.1	0	0	1	0	561	204	0	0	0.0017825311942959	0	0	*	*
temp_vcf4_SM_AS17.vcf	Brahy.D02G0599000.v1.1	1.2343308865048	0.811283340315598	0.806324110671937	0.530791788856305	1126.78063241107	403.219367588933	0.00109544915043809	0.00201201481259866	0.000715599902481974	0.00131638465689334	0.39173007164754	0.393007233357809	0.389814329082137
temp_vcf4_SM_AS17.vcf	Brahy.D02G0599200.v1.1	0	0	3	2	578.5	177.5	0	0	0.00518582541054451	0.0112676056338028	0	*	*
temp_vcf4_SM_AS17.vcf	Brahy.D02G0601400.v1.1	2.88306318667954	0.499537465309898	2.91699703245409	0.792878853669127	287.718979236817	96.2810207631828	0.0100204136492036	0.00518832747461812	0.0101383545854066	0.00823504827207149	0.414200259748231	0.470782178230778	0.488909008601177
temp_vcf4_SM_AS17.vcf	Brahy.D02G0602100.v1.1	0	0	11	5	1941.33333333334	587.666666666667	0	0	0.00566620879120877	0.00850822461712989	0	*	*
temp_vcf4_SM_AS17.vcf	Brahy.D02G0602500.v1.1	0.16231884057971	1.18235968762285	3.21304347826087	2.46978557504873	921.999999999999	329	0.00017605080323179	0.00359379844262264	0.00348486277468641	0.0075069470366223	0.161910991740837	0.158790170132325	0.378832587931456
temp_vcf4_SM_AS17.vcf	Brahy.D02G0603000.v1.1	0	0.064516129032258	5	3.96774193548387	906.833333333332	344.166666666667	0	0.000187456064984769	0.00551369233596766	0.0115285479965633	0.0069372181755116	*	0.0624349635796044
temp_vcf4_SM_AS17.vcf	Brahy.D02G0603500.v1.1	0	0	0	1	1187.5	435.499999999999	0	0	0	0.00229621125143514	0	*	*
temp_vcf4_SM_AS17.vcf	Brahy.D02G0604300.v1.1	0	0	4	4	906.499999999999	302.5	0	0	0.00441257584114727	0.0132231404958678	0	*	*
temp_vcf4_SM_AS17.vcf	Brahy.D02G0604400.v1.1	0.417582417582417	0.159420289855073	9.92857142857143	10.771164021164	891.355379188711	290.644620811288	0.00046848027995578	0.000548505901846993	0.0111387350773697	0.0370595677673237	0.0264408624511925	0.134160111232422	0.152777777777778
temp_vcf4_SM_AS17.vcf	Brahy.D02G0604500.v1.1	4.34831813824235	2.29721759485275	11.4472594654284	8.41629402199395	1592.41867507255	489.051913162741	0.00273063749270852	0.00469728781960273	0.0071885991068943	0.0172094082355492	0.225089170814668	0.355935773218782	0.376059445833331
temp_vcf4_SM_AS17.vcf	Brahy.D02G0605000.v1.1	0	0	2	2	822.333333333332	287.666666666667	0	0	0.00243210376976085	0.00695249130938586	0	*	*
temp_vcf4_SM_AS17.vcf	Brahy.D02G0608200.v1.1	0	0	0	1	869.499999999999	306.5	0	0	0	0.0032626427406199	0	*	*
temp_vcf4_SM_AS17.vcf	Brahy.D02G0609800.v1.1	11.9114865423685	5.69932945986924	17.0144986371247	12.8976357527725	937.96141753606	270.898830911144	0.0126993353027877	0.021038590091733	0.0181398704882982	0.0476105257058233	0.292804350876642	0.375937344428314	0.386551976222798
temp_vcf4_SM_AS17.vcf	Brahy.D02G0610000.v1.1	0	0	1	1	671.5	228.5	0	0	0.00148920327624721	0.00437636761487964	0	*	*
temp_vcf4_SM_AS17.vcf	Brahy.D02G0611800.v1.1	0	0	2	10	777	231	0	0	0.00257400257400258	0.0432900432900433	-3	*	*
temp_vcf4_SM_AS17.vcf	Brahy.D02G0612100.v1.1	0	0	5	1	388.333333333334	139.666666666667	0	0	0.0128755364806867	0.00715990453460621	0	*	*
temp_vcf4_SM_AS17.vcf	Brahy.D02G0612500.v1.1	0	0	14	34	1354.83333333334	454.166666666666	0	0	0.010333374338787	0.0748623853211011	-2.53846153846154	*	*
temp_vcf4_SM_AS17.vcf	Brahy.D02G0614100.v1.1	0	0	5	4	1338.83333333333	401.166666666666	0	0	0.00373459479646458	0.00997091815538016	0	*	*
temp_vcf4_SM_AS17.vcf	Brahy.D02G0614300.v1.1	0	0	10	2	794.833333333333	288.166666666667	0	0	0.0125812539316419	0.00694042799305957	0	*	*
temp_vcf4_SM_AS17.vcf	Brahy.D02G0614800.v1.1	0	0	1	0	345.333333333333	128.666666666667	0	0	0.0028957528957529	0	0	*	*
temp_vcf4_SM_AS17.vcf	Brahy.D02G0615900.v1.1	0	0	3	2	625.833333333333	220.166666666667	0	0	0.00479360852197071	0.00908402725208175	0	*	*
temp_vcf4_SM_AS17.vcf	Brahy.D02G0621800.v1.1	0	0	26	17	2270.83333333334	654.166666666668	0	0	0.0114495412844037	0.0259872611464967	0	*	*
temp_vcf4_SM_AS17.vcf	Brahy.D02G0623700.v1.1	1.5491779852858	1.29568095566672	27.1780921052632	16.4403840348456	2055.03277412281	689.967225877193	0.000753845877687795	0.00187788768375114	0.0132251380355061	0.0238277753177972	0.0560111108374269	0.297632856455432	0.418793382918919
temp_vcf4_SM_AS17.vcf	Brahy.D02G0627300.v1.1	0	0	2	3	568.666666666667	205.333333333334	0	0	0.00351699882766706	0.0146103896103896	0	*	*
temp_vcf4_SM_AS17.vcf	Brahy.D02G0628600.v1.1	0	0	18	45	5782.66666666671	1531.33333333332	0	0	0.0031127507493659	0.029386155855464	-8	*	*
temp_vcf4_SM_AS17.vcf	Brahy.D02G0632200.v1.1	0	0	2	2	718.666666666666	244.333333333334	0	0	0.00278293135435993	0.00818553888130968	0	*	*
temp_vcf4_SM_AS17.vcf	Brahy.D02G0632800.v1.1	0	0	2	1	2526.5	803.500000000003	0	0	0.000791608945181081	0.00124455507156191	0	*	*
temp_vcf4_SM_AS17.vcf	Brahy.D02G0633800.v1.1	0	0	4	4	1286	411.999999999999	0	0	0.0031104199066874	0.00970873786407769	0	*	*
temp_vcf4_SM_AS17.vcf	Brahy.D02G0634000.v1.1	0	0	0	13	1806.16666666667	587.833333333333	0	0	0	0.0221151119931954	-2.57142857142857	*	*
temp_vcf4_SM_AS17.vcf	Brahy.D02G0634400.v1.1	0	0	4	16	9717.6666666667	2786.33333333335	0	0	0.000411621445477308	0.00574231367388439	-11	*	*
temp_vcf4_SM_AS17.vcf	Brahy.D02G0636300.v1.1	0	0	3	0	951.833333333331	314.166666666666	0	0	0.00315181229206795	0	0	*	*
temp_vcf4_SM_AS17.vcf	Brahy.D02G0636700.v1.1	0	0	4	4	352.166666666667	115.833333333333	0	0	0.0113582584003786	0.0345323741007194	0	*	*
temp_vcf4_SM_AS17.vcf	Brahy.D02G0636900.v1.1	13.8267833192065	3.7256197908454	14.6608134520585	7.39834430567422	512.481352480534	181.79487129569	0.0269800710841117	0.0204935362823611	0.0286075061679739	0.0406961112430987	0.348728899770998	0.418029539048234	0.4027711401714
temp_vcf4_SM_AS17.vcf	Brahy.D02G0637700.v1.1	1.55670995670996	0	4.42857142857143	3.92207792207792	681.484848484848	230.515151515152	0.00228429136784333	0	0.00649841509817499	0.0170144040263667	0.123706281911713	0.453589700342947	*
temp_vcf4_SM_AS17.vcf	Brahy.D02G0638200.v1.1	0	0	5	6	1148	397	0	0	0.00435540069686411	0.0151133501259446	0	*	*
temp_vcf4_SM_AS17.vcf	Brahy.D02G0638600.v1.1	0	0	0	0	509.333333333334	186.666666666667	0	0	0	0	*	*	*
temp_vcf4_SM_AS17.vcf	Brahy.D02G0638700.v1.1	0	0	0	0	1983.83333333334	551.166666666666	0	0	0	0	*	*	*
temp_vcf4_SM_AS17.vcf	Brahy.D02G0639800.v1.1	0	0	4	5	339.5	95.5	0	0	0.0117820324005891	0.0523560209424084	0	*	*
temp_vcf4_SM_AS17.vcf	Brahy.D02G0645400.v1.1	0	0	1	2	586.5	196.5	0	0	0.00170502983802216	0.010178117048346	0	*	*
temp_vcf4_SM_AS17.vcf	Brahy.D02G0649200.v1.1	0	0	9	5	1119.16666666667	341.833333333333	0	0	0.00804169769173493	0.0146270112140419	0	*	*
temp_vcf4_SM_AS17.vcf	Brahy.D02G0649300.v1.1	0	0	1	0	1154.5	354.5	0	0	0.00086617583369424	0	0	*	*
temp_vcf4_SM_AS17.vcf	Brahy.D02G0649800.v1.1	1.47972027972028	1.05316742081448	0.8	1.21945701357466	252.058119658119	86.9418803418803	0.00587055192559282	0.0121134649569704	0.00317387117338289	0.0140261173185973	0.392114465154124	0.456085908393601	0.492214532871972
temp_vcf4_SM_AS17.vcf	Brahy.D02G0649900.v1.1	0	0	8	19	2077.83333333334	649.166666666666	0	0	0.00385016443410603	0.0292682926829269	-2.8	*	*
temp_vcf4_SM_AS17.vcf	Brahy.D02G0650000.v1.1	0	0	6	2	811.666666666666	292.333333333333	0	0	0.00739219712525668	0.00684150513112885	0	*	*
temp_vcf4_SM_AS17.vcf	Brahy.D02G0650300.v1.1	0	0	1	0	922.333333333331	301.666666666667	0	0	0.00108420672208168	0	0	*	*
temp_vcf4_SM_AS17.vcf	Brahy.D02G0651800.v1.1	0.521342874498126	0	0.305651214128035	3	1206.26787343635	407.732126563649	0.000432194942747627	0	0.000253385853058751	0.00735777194032732	0.103575746482854	0.258939366207135	*
temp_vcf4_SM_AS17.vcf	Brahy.D02G0653600.v1.1	0	0	0	0	1088	364	0	0	0	0	*	*	*
temp_vcf4_SM_AS17.vcf	Brahy.D02G0655400.v1.1	0	0	3	1	998.666666666665	315.333333333333	0	0	0.00300400534045394	0.00317124735729387	0	*	*
temp_vcf4_SM_AS17.vcf	Brahy.D02G0655600.v1.1	0	0	0	1	561.666666666667	179.333333333333	0	0	0	0.00557620817843866	0	*	*
temp_vcf4_SM_AS17.vcf	Brahy.D02G0655700.v1.1	0	0	0	0	1167	419.999999999999	0	0	0	0	*	*	*
temp_vcf4_SM_AS17.vcf	Brahy.D02G0656200.v1.1	0	0	4	0	2142.16666666667	686.833333333336	0	0	0.00186726834202131	0	0	*	*
temp_vcf4_SM_AS17.vcf	Brahy.D02G0656400.v1.1	0	0	0	0	1079.66666666667	348.333333333333	0	0	0	0	*	*	*
temp_vcf4_SM_AS17.vcf	Brahy.D02G0656500.v1.1	0	0	0	0	1094.33333333333	357.666666666666	0	0	0	0	*	*	*
temp_vcf4_SM_AS17.vcf	Brahy.D02G0657100.v1.1	0	0	1	0	736.999999999999	229	0	0	0.00135685210312076	0	0	*	*
temp_vcf4_SM_AS17.vcf	Brahy.D02G0657300.v1.1	0	0	0	0	587.833333333334	195.166666666667	0	0	0	0	*	*	*
temp_vcf4_SM_AS17.vcf	Brahy.D02G0657500.v1.1	0.690058479532164	0	2.42105263157895	2	583.929824561403	187.070175438597	0.00118174898850298	0	0.00414613628169691	0.0106911750914377	0.108956602031394	0.326869806094183	*
temp_vcf4_SM_AS17.vcf	Brahy.D02G0658800.v1.1	0	0	1	2	1513.83333333334	529.166666666666	0	0	0.000660574699988989	0.00377952755905512	0	*	*
temp_vcf4_SM_AS17.vcf	Brahy.D02G0659000.v1.1	3.24628270280444	0.514285714285714	3.00681818181818	2.93333333333333	553.619570707071	178.325883838384	0.00586374267560368	0.00288396559835256	0.00543119922219863	0.0164492852646776	0.318701373236497	0.432245015085924	0.48
temp_vcf4_SM_AS17.vcf	Brahy.D02G0659600.v1.1	0	0	3	2	1330.33333333333	433.666666666666	0	0	0.0022550739163117	0.00461183704842429	0	*	*
temp_vcf4_SM_AS17.vcf	Brahy.D02G0660100.v1.1	0	0	55.6470588235294	159.882352941176	6493.81111337274	1916.38815387744	0	0	0.00856924506303165	0.0834290029489513	-14.9337617399901	*	*
temp_vcf4_SM_AS17.vcf	Brahy.D02G0661100.v1.1	0	0	24	8	3315.66666666665	1034.33333333334	0	0	0.00723836332562586	0.00773445053174343	-15	*	*
temp_vcf4_SM_AS17.vcf	Brahy.D02G0661600.v1.1	0.117647058823529	0	8	9	2356.1568627451	812.019607843141	4.99317599280982e-05	0	0.00339535967511068	0.0110834762031246	0.0061514801999231	0.110726643598616	*
temp_vcf4_SM_AS17.vcf	Brahy.D02G0662000.v1.1	0	0	54	56	4347.16666666666	1568.83333333332	0	0	0.0124218839857379	0.0356953149899078	-14	*	*
temp_vcf4_SM_AS17.vcf	Brahy.D02G0663000.v1.1	0	0	0	4	1093.5	301.5	0	0	0	0.0132669983416252	-3	*	*
temp_vcf4_SM_AS17.vcf	Brahy.D02G0664100.v1.1	0	0	9	8	2073.66666666667	665.333333333333	0	0	0.00434013824144027	0.0120240480961924	0	*	*
temp_vcf4_SM_AS17.vcf	Brahy.D02G0664500.v1.1	0	0	4	1	627	198	0	0	0.00637958532695375	0.00505050505050505	0	*	*
temp_vcf4_SM_AS17.vcf	Brahy.D02G0664800.v1.1	1.50929070929071	0.538461538461538	2.2012987012987	2.5	911.694805194804	294.305194805195	0.00165547801818199	0.00182960256212247	0.00241451271714589	0.00849458332414005	0.26949859046334	0.462163377747793	0.5
temp_vcf4_SM_AS17.vcf	Brahy.D02G0666200.v1.1	0	0	2	3	396.166666666667	134.833333333333	0	0	0.00504838031131678	0.0222496909765142	0	*	*
temp_vcf4_SM_AS17.vcf	Brahy.D02G0666300.v1.1	0	0	9	6	1261.66666666667	394.333333333333	0	0	0.0071334214002642	0.0152155536770922	0	*	*
temp_vcf4_SM_AS17.vcf	Brahy.D02G0666600.v1.1	0	0	3	0	555.333333333334	185.666666666667	0	0	0.00540216086434573	0	0	*	*
temp_vcf4_SM_AS17.vcf	Brahy.D02G0666800.v1.1	0	0	3	2	519.500000000001	167.5	0	0	0.00577478344562078	0.0119402985074627	0	*	*
temp_vcf4_SM_AS17.vcf	Brahy.D02G0667600.v1.1	0	0	4	6	2252	700	0	0	0.00177619893428064	0.00857142857142857	0	*	*
temp_vcf4_SM_AS17.vcf	Brahy.D02G0668200.v1.1	0	0	0	0	816.166666666667	269.833333333333	0	0	0	0	*	*	*
temp_vcf4_SM_AS17.vcf	Brahy.D02G0669000.v1.1	0	0	3	0	414.5	158.5	0	0	0.00723763570566948	0	0	*	*
temp_vcf4_SM_AS17.vcf	Brahy.D02G0670400.v1.1	0	0	0	2	210.833333333333	83.1666666666667	0	0	0	0.0240480961923848	0	*	*
temp_vcf4_SM_AS17.vcf	Brahy.D02G0670600.v1.1	0	0	0	1	211.333333333333	82.6666666666667	0	0	0	0.0120967741935484	0	*	*
temp_vcf4_SM_AS17.vcf	Brahy.D02G0671700.v1.1	0.117647058823529	0	1.94117647058824	1	1050.96078431372	338.039215686274	0.000111942386984832	0	0.00184704938524973	0.00295823665893272	0.0369088811995386	0.110726643598616	*
temp_vcf4_SM_AS17.vcf	Brahy.D02G0672700.v1.1	0.181818181818182	0	8.90909090909091	5	729.60606060606	248.39393939394	0.000249200481787598	0	0.0122108236075923	0.0201293156032695	0.0118063754427391	0.165289256198347	*
temp_vcf4_SM_AS17.vcf	Brahy.D02G0674500.v1.1	3.04259074259074	0	13.0278388278388	5	1511.02334147334	471.976658526657	0.00201359612328955	0	0.00862186471264954	0.0105937442237254	0.117308323971805	0.299787939039058	*
temp_vcf4_SM_AS17.vcf	Brahy.D02G0677600.v1.1	0	0	3	5	721.333333333333	253.666666666667	0	0	0.00415896487985212	0.0197109067017083	0	*	*
temp_vcf4_SM_AS17.vcf	Brahy.D02G0678000.v1.1	0	0	1	0	905.666666666665	267.333333333334	0	0	0.00110415899889584	0	0	*	*
temp_vcf4_SM_AS17.vcf	Brahy.D02G0678200.v1.1	0	0	9	8	1398.5	410.499999999999	0	0	0.00643546657132641	0.0194884287454325	0	*	*
temp_vcf4_SM_AS17.vcf	Brahy.D02G0681400.v1.1	0	0	3	0	918.833333333332	314.166666666666	0	0	0.00326500997641938	0	0	*	*
temp_vcf4_SM_AS17.vcf	Brahy.D02G0681800.v1.1	0	0	1	0	758.999999999999	204	0	0	0.00131752305665349	0	0	*	*
temp_vcf4_SM_AS17.vcf	Brahy.D02G0682500.v1.1	0	0	3	2	1824.83333333334	590.166666666667	0	0	0.00164398575212348	0.00338887319966111	0	*	*
temp_vcf4_SM_AS17.vcf	Brahy.D02G0683200.v1.1	0	0	5	1	1282.33333333334	370.666666666666	0	0	0.00389914218871848	0.00269784172661871	0	*	*
temp_vcf4_SM_AS17.vcf	Brahy.D02G0687200.v1.1	4.00633583761896	1.63472061356312	14.7137769655011	8.26781487369723	1754.75642333607	624.243576663933	0.0022831293188842	0.0026187223620295	0.00838508226545076	0.0132445333564854	0.159386925085308	0.320415671000637	0.314833480178564
temp_vcf4_SM_AS17.vcf	Brahy.D02G0693600.v1.1	0	0	28	34	5776.00000000002	1540.99999999999	0	0	0.00484764542936286	0.0220635950681377	-6.75	*	*
temp_vcf4_SM_AS17.vcf	Brahy.D02G0693800.v1.1	0	0	2	2	1940.16666666667	624.833333333333	0	0	0.00103083927497637	0.00320085356094959	0	*	*
temp_vcf4_SM_AS17.vcf	Brahy.D02G0696100.v1.1	0	0	0	0	620.333333333333	204.666666666667	0	0	0	0	*	*	*
temp_vcf4_SM_AS17.vcf	Brahy.D02G0696300.v1.1	0	0	1	2	322	101	0	0	0.0031055900621118	0.0198019801980198	0	*	*
temp_vcf4_SM_AS17.vcf	Brahy.D02G0696600.v1.1	0	0	2	1	461.5	159.5	0	0	0.00433369447453954	0.00626959247648903	0	*	*
temp_vcf4_SM_AS17.vcf	Brahy.D02G0697500.v1.1	0	0	0	12	1757.33333333334	585.666666666667	0	0	0	0.0204894706886739	-3	*	*
temp_vcf4_SM_AS17.vcf	Brahy.D02G0698200.v1.1	0	0	3	3	892.833333333332	298.166666666667	0	0	0.0033600896023894	0.0100614868641699	0	*	*
temp_vcf4_SM_AS17.vcf	Brahy.D02G0699200.v1.1	0	0	0	0	382.333333333333	139.666666666667	0	0	0	0	*	*	*
temp_vcf4_SM_AS17.vcf	Brahy.D02G0699600.v1.1	0	0	0	0	651.333333333333	218.666666666667	0	0	0	0	*	*	*
temp_vcf4_SM_AS17.vcf	Brahy.D02G0700000.v1.1	0	0	2	1	920.499999999998	273.5	0	0	0.00217273221075503	0.0036563071297989	0	*	*
temp_vcf4_SM_AS17.vcf	Brahy.D02G0701100.v1.1	0	0	1	2	988.499999999998	331.5	0	0	0.00101163378856854	0.00603318250377074	0	*	*
temp_vcf4_SM_AS17.vcf	Brahy.D02G0701200.v1.1	0	0	2	2	1427.66666666667	453.333333333332	0	0	0.0014008872285781	0.00441176470588237	0	*	*
temp_vcf4_SM_AS17.vcf	Brahy.D02G0702400.v1.1	0	0	0	0	756.833333333333	227.166666666667	0	0	0	0	*	*	*
temp_vcf4_SM_AS17.vcf	Brahy.D02G0702700.v1.1	0	0	0	1	630.166666666667	236.833333333334	0	0	0	0.00422237860661505	0	*	*
temp_vcf4_SM_AS17.vcf	Brahy.D02G0704300.v1.1	0	0	2	0	1050.33333333333	353.666666666666	0	0	0.00190415741034593	0	0	*	*
temp_vcf4_SM_AS17.vcf	Brahy.D02G0706200.v1.1	0	0	0	0	1197.83333333333	368.166666666666	0	0	0	0	*	*	*
temp_vcf4_SM_AS17.vcf	Brahy.D02G0706300.v1.1	0	0	0	0	562.333333333334	199.666666666667	0	0	0	0	*	*	*
temp_vcf4_SM_AS17.vcf	Brahy.D02G0706900.v1.1	0	0	1	0	435.166666666667	113.833333333333	0	0	0.00229797012638835	0	0	*	*
temp_vcf4_SM_AS17.vcf	Brahy.D02G0710800.v1.1	0	0	6	2	2082.00000000001	651.000000000001	0	0	0.00288184438040344	0.00307219662058371	0	*	*
temp_vcf4_SM_AS17.vcf	Brahy.D02G0710900.v1.1	0	0	7	4	372.166666666667	110.833333333333	0	0	0.0188087774294671	0.0360902255639098	0	*	*
temp_vcf4_SM_AS17.vcf	Brahy.D02G0712100.v1.1	0.630971528471528	0.198830409356725	24.7675844988345	28.7994987468672	1981.14444444445	697.855555555557	0.000318488402115709	0.000284916280702871	0.0125016550753218	0.0412685669944121	0.014685067811831	0.12092560217387	0.188365650969529
temp_vcf4_SM_AS17.vcf	Brahy.D02G0712200.v1.1	0	0	3	2	475.833333333334	169.166666666667	0	0	0.0063047285464098	0.0118226600985222	0	*	*
temp_vcf4_SM_AS17.vcf	Brahy.D02G0712400.v1.1	1.81941063342909	1.76773683832507	6.64166666666667	7.6131105006105	1282.61527777778	394.384722222221	0.00141851626512772	0.00448226500348312	0.00517822201383241	0.0193037662760192	0.180452929460364	0.436414930555556	0.420736484381173
temp_vcf4_SM_AS17.vcf	Brahy.D02G0714800.v1.1	0	0	2	0	652.833333333333	205.166666666667	0	0	0.00306356905795251	0	0	*	*
temp_vcf4_SM_AS17.vcf	Brahy.D02G0715100.v1.1	0	0	0	0	330	93	0	0	0	0	*	*	*
temp_vcf4_SM_AS17.vcf	Brahy.D02G0716400.v1.1	0	0	0	0	564	192	0	0	0	0	*	*	*
temp_vcf4_SM_AS17.vcf	Brahy.D02G0716500.v1.1	0	0	0	0	335.666666666667	117.333333333333	0	0	0	0	*	*	*
temp_vcf4_SM_AS17.vcf	Brahy.D02G0716800.v1.1	0	0	1	0	390.5	116.5	0	0	0.00256081946222791	0	0	*	*
temp_vcf4_SM_AS17.vcf	Brahy.D02G0717300.v1.1	0	0	1	0	296.666666666667	108.333333333333	0	0	0.00337078651685393	0	0	*	*
temp_vcf4_SM_AS17.vcf	Brahy.D02G0718300.v1.1	0	0	0	0	164	43	0	0	0	0	*	*	*
temp_vcf4_SM_AS17.vcf	Brahy.D02G0718400.v1.1	0	0	0	0	1306.5	421.499999999999	0	0	0	0	*	*	*
temp_vcf4_SM_AS17.vcf	Brahy.D02G0718800.v1.1	0	0	1	2	1282.16666666667	412.833333333332	0	0	0.000779929806317431	0.00484457004440857	0	*	*
temp_vcf4_SM_AS17.vcf	Brahy.D02G0719000.v1.1	0	0	3	3	1440.83333333334	470.166666666666	0	0	0.00208212839791787	0.00638071605813543	0	*	*
temp_vcf4_SM_AS17.vcf	Brahy.D02G0719800.v1.1	0.6	0	1.4	3	750.899999999999	236.1	0.000799041150619258	0	0.00186442935144493	0.0127064803049555	0.096	0.48	*
temp_vcf4_SM_AS17.vcf	Brahy.D02G0721300.v1.1	0	0	0	0	1228	389	0	0	0	0	*	*	*
temp_vcf4_SM_AS17.vcf	Brahy.D02G0721800.v1.1	0	0	3	0	597.166666666667	179.833333333333	0	0	0.005023723137036	0	0	*	*
temp_vcf4_SM_AS17.vcf	Brahy.D02G0722000.v1.1	0	0	4	1	817.333333333332	289.666666666667	0	0	0.00489396411092986	0.00345224395857307	0	*	*
temp_vcf4_SM_AS17.vcf	Brahy.D02G0722200.v1.1	0	0	6	4	1233.33333333333	371.666666666666	0	0	0.00486486486486486	0.0107623318385651	0	*	*
temp_vcf4_SM_AS17.vcf	Brahy.D02G0722300.v1.1	0	0	18.9333333333333	21.9333333333333	1660.37777777778	643.222222222223	0	0	0.0114030274234779	0.03409915356711	-2.83216931216931	*	*
temp_vcf4_SM_AS17.vcf	Brahy.D02G0724500.v1.1	0.331034482758621	0.323076923076923	2.2	1.19230769230769	2062.90000000001	658.100000000002	0.000160470445857104	0.000490923754865404	0.001066459838092	0.00181174242866994	0.126130177514793	0.32	0.310650887573964
temp_vcf4_SM_AS17.vcf	Brahy.D02G0725300.v1.1	0.451612903225806	0	8	8.32258064516129	1653	603	0.000273208047928497	0	0.00483968542044766	0.0138019579521746	0.0257085144151313	0.437044745057232	*
temp_vcf4_SM_AS17.vcf	Brahy.D02G0726000.v1.1	0	0	4	24	1404	452.999999999999	0	0	0.00284900284900285	0.0529801324503312	-3	*	*
temp_vcf4_SM_AS17.vcf	Brahy.D02G0726300.v1.1	0	0	4	7	1038.33333333333	326.666666666667	0	0	0.00385232744783307	0.0214285714285714	0	*	*
temp_vcf4_SM_AS17.vcf	Brahy.D02G0726500.v1.1	0	0	1	1	232.666666666666	61.3333333333334	0	0	0.00429799426934098	0.0163043478260869	0	*	*
temp_vcf4_SM_AS17.vcf	Brahy.D02G0727000.v1.1	0	0	4	3	296.666666666667	90.3333333333333	0	0	0.0134831460674157	0.033210332103321	0	*	*
temp_vcf4_SM_AS17.vcf	Brahy.D02G0727800.v1.1	0	0	0	1	361.166666666667	121.833333333333	0	0	0	0.00820793433652531	0	*	*
temp_vcf4_SM_AS17.vcf	Brahy.D02G0728400.v1.1	2.13625667757893	3.24923244700064	9.50834561520045	11.6786487850954	1504.55489207695	454.445107923048	0.00141985958028421	0.00714988981144636	0.00631970668884983	0.0256987006383904	0.180405897675953	0.345818230991235	0.450980235236462
temp_vcf4_SM_AS17.vcf	Brahy.D02G0729800.v1.1	0	0	1	1	355	107	0	0	0.0028169014084507	0.00934579439252337	0	*	*
temp_vcf4_SM_AS17.vcf	Brahy.D02G0729900.v1.1	0	0	9	36	5817.50000000004	1715.49999999997	0	0	0.00154705629565964	0.0209851355290006	-8	*	*
temp_vcf4_SM_AS17.vcf	Brahy.D02G0731900.v1.1	0	0	1	3	897.666666666665	311.333333333333	0	0	0.00111399925733383	0.00963597430406853	0	*	*
temp_vcf4_SM_AS17.vcf	Brahy.D02G0732700.v1.1	0.286381766381766	0.262108262108262	13.9672364672365	4.03703703703704	1120.24264007597	373.757359924026	0.000255642622532512	0.000701279199322097	0.0124680457318508	0.0108012241895588	0.0251368166847749	0.137736300841714	0.252400548696845
temp_vcf4_SM_AS17.vcf	Brahy.D02G0733500.v1.1	0.931818181818182	1.29684265010352	6.72348484848485	9.94644033502729	1670.3538961039	525.646103896103	0.000557856741611252	0.00246714023083456	0.00402518583886168	0.0189223134373184	0.113928115297903	0.208376377410468	0.243440113144077
temp_vcf4_SM_AS17.vcf	Brahy.D02G0735500.v1.1	0	0	7	4	502.000000000001	170	0	0	0.0139442231075697	0.0235294117647059	0	*	*
temp_vcf4_SM_AS17.vcf	Brahy.D02G0735600.v1.1	0	0	13	5	1197.33333333333	380.666666666666	0	0	0.0108574610244989	0.0131348511383538	0	*	*
temp_vcf4_SM_AS17.vcf	Brahy.D02G0736400.v1.1	0	0	4	1	877.166666666665	295.833333333334	0	0	0.00456013680410413	0.00338028169014084	0	*	*
temp_vcf4_SM_AS17.vcf	Brahy.D02G0737000.v1.1	0	0	0	0	1326.83333333333	455.166666666666	0	0	0	0	*	*	*
temp_vcf4_SM_AS17.vcf	Brahy.D02G0737600.v1.1	0	0	13	12	1116.83333333333	395.166666666666	0	0	0.0116400537233249	0.0303669337832139	0	*	*
temp_vcf4_SM_AS17.vcf	Brahy.D02G0738600.v1.1	0	0	1	3	1176.16666666667	395.833333333332	0	0	0.000850219640073686	0.00757894736842107	0	*	*
temp_vcf4_SM_AS17.vcf	Brahy.D02G0739100.v1.1	0	0	8	5	1103.5	363.5	0	0	0.00724966017217943	0.0137551581843191	0	*	*
temp_vcf4_SM_AS17.vcf	Brahy.D02G0741900.v1.1	0	0	4	4	2194.33333333334	622.666666666666	0	0	0.00182287710770165	0.00642398286937902	-3	*	*
temp_vcf4_SM_AS17.vcf	Brahy.D02G0742000.v1.1	0	0	1	0	509.500000000001	138.5	0	0	0.00196270853778214	0	0	*	*
temp_vcf4_SM_AS17.vcf	Brahy.D02G0743000.v1.1	0	0	1	0	889.833333333332	304.166666666667	0	0	0.00112380595617157	0	0	*	*
temp_vcf4_SM_AS17.vcf	Brahy.D02G0744100.v1.1	0	0	0	0	430.166666666667	145.833333333333	0	0	0	0	*	*	*
temp_vcf4_SM_AS17.vcf	Brahy.D02G0744400.v1.1	0	0	0	0	589.666666666667	208.333333333334	0	0	0	0	*	*	*
temp_vcf4_SM_AS17.vcf	Brahy.D02G0745700.v1.1	0	0	0	1	576	201	0	0	0	0.00497512437810945	0	*	*
temp_vcf4_SM_AS17.vcf	Brahy.D02G0748000.v1.1	0	0	0	0	555.833333333334	194.166666666667	0	0	0	0	*	*	*
temp_vcf4_SM_AS17.vcf	Brahy.D02G0749800.v1.1	0	0	4	1	954.333333333332	290.666666666667	0	0	0.00419140761439051	0.00344036697247706	0	*	*
temp_vcf4_SM_AS17.vcf	Brahy.D02G0750200.v1.1	0	0	1	2	599.333333333333	207.666666666667	0	0	0.00166852057842047	0.00963081861958265	0	*	*
temp_vcf4_SM_AS17.vcf	Brahy.D02G0751200.v1.1	0	0	5	1	1226.16666666667	420.833333333333	0	0	0.00407774908250646	0.00237623762376238	0	*	*
temp_vcf4_SM_AS17.vcf	Brahy.D02G0751400.v1.1	0	0	2	0	1222.33333333333	418.666666666666	0	0	0.00163621488955549	0	0	*	*
temp_vcf4_SM_AS17.vcf	Brahy.D02G0751700.v1.1	0	0	2	4	2143	785.000000000001	0	0	0.000933271115258982	0.00509554140127388	-3	*	*
temp_vcf4_SM_AS17.vcf	Brahy.D02G0751900.v1.1	0	0	0	0	1138.33333333333	397.666666666666	0	0	0	0	*	*	*
temp_vcf4_SM_AS17.vcf	Brahy.D02G0753500.v1.1	0	0	2	4	600	201	0	0	0.00333333333333333	0.0199004975124378	0	*	*
temp_vcf4_SM_AS17.vcf	Brahy.D02G0753700.v1.1	2.31885282026545	1.91262492056901	1.82225962864234	1.41459252148346	1339.08333333333	415.916666666666	0.00173167178064505	0.00459857724841278	0.00136082615867248	0.00340114411096004	0.376295650992358	0.376896968616741	0.375574069843098
temp_vcf4_SM_AS17.vcf	Brahy.D02G0753900.v1.1	0	0	178.004387889425	405.995612110575	8381.33333333342	2388.66666666666	0	0	0.021238194546145	0.169967462507916	-3	*	*
temp_vcf4_SM_AS17.vcf	Brahy.D02G0754000.v1.1	0	0	0	0	1332.66666666667	425.333333333332	0	0	0	0	*	*	*
temp_vcf4_SM_AS17.vcf	Brahy.D02G0754600.v1.1	3.70273115773116	1.46248196248196	11.717322029822	7.33688311688312	744.919753086419	228.302469135803	0.00497064434442726	0.00640589638832168	0.0157296433357738	0.0321366787869423	0.187314820184069	0.438690204727926	0.453554562320796
temp_vcf4_SM_AS17.vcf	Brahy.D02G0755800.v1.1	0	0	2	0	901.833333333332	292.166666666667	0	0	0.00221770467566069	0	0	*	*
temp_vcf4_SM_AS17.vcf	Brahy.D02G0756700.v1.1	0	0	3	0	2168.50000000001	675.500000000001	0	0	0.00138344477749596	0	0	*	*
temp_vcf4_SM_AS17.vcf	Brahy.D02G0757500.v1.1	0	0	10	8	1467	431.999999999999	0	0	0.00681663258350373	0.0185185185185186	0	*	*
temp_vcf4_SM_AS17.vcf	Brahy.D02G0760000.v1.1	0	0	0	0	1453.33333333334	526.666666666665	0	0	0	0	*	*	*
temp_vcf4_SM_AS17.vcf	Brahy.D02G0762400.v1.1	0	0	0	0	1775	555.999999999999	0	0	0	0	*	*	*
temp_vcf4_SM_AS17.vcf	Brahy.D02G0763800.v1.1	0.0769230769230769	0	7	10.9615384615385	1076	370	7.14898484415213e-05	0	0.00650557620817844	0.0296257796257796	0.00410913872452334	0.0739644970414202	*
temp_vcf4_SM_AS17.vcf	Brahy.D02G0766800.v1.1	0	0	12	21	2996.16666666665	819.833333333341	0	0	0.004005117650331	0.0256149623907296	-8	*	*
temp_vcf4_SM_AS17.vcf	Brahy.D02G0767700.v1.1	5.16581742346562	1.13024798772413	26.9210520671047	12.5068921771607	2047.34569087805	621.392945485593	0.00252317791102984	0.00181889414087391	0.0131492459661558	0.0201271872621391	0.12039390833229	0.387442647331103	0.367778303214144
temp_vcf4_SM_AS17.vcf	Brahy.D02G0768300.v1.1	0	0	6	14	1301.66666666667	462.333333333333	0	0	0.00460947503201024	0.030281182408075	0	*	*
temp_vcf4_SM_AS17.vcf	Brahy.D02G0770000.v1.1	0	0	1	2	339.666666666667	119.333333333333	0	0	0.00294406280667321	0.0167597765363129	0	*	*
temp_vcf4_SM_AS17.vcf	Brahy.D02G0770300.v1.1	0	0	0	0	1637.00000000001	531.999999999999	0	0	0	0	*	*	*
temp_vcf4_SM_AS17.vcf	Brahy.D02G0770600.v1.1	0	0	26	52	1471.83333333333	430.166666666666	0	0	0.0176650435964217	0.120883378535452	-3	*	*
temp_vcf4_SM_AS17.vcf	Brahy.D02G0771700.v1.1	0	0	1	0	569	157	0	0	0.00175746924428822	0	0	*	*
temp_vcf4_SM_AS17.vcf	Brahy.D02G0772400.v1.1	0	0	3	5	1210	451.999999999999	0	0	0.00247933884297521	0.0110619469026549	0	*	*
temp_vcf4_SM_AS17.vcf	Brahy.D02G0772900.v1.1	0	0	16	11	1605	479.999999999999	0	0	0.0099688473520249	0.0229166666666667	0	*	*
temp_vcf4_SM_AS17.vcf	Brahy.D02G0773100.v1.1	0	0	4	4	1298.66666666667	459.333333333333	0	0	0.00308008213552361	0.00870827285921626	0	*	*
temp_vcf4_SM_AS17.vcf	Brahy.D02G0774100.v1.1	0	0	5	1	1400.83333333333	453.166666666666	0	0	0.00356930398572278	0.00220669363736668	0	*	*
temp_vcf4_SM_AS17.vcf	Brahy.D02G0776400.v1.1	0	0	4	3	788	265	0	0	0.0050761421319797	0.0113207547169811	0	*	*
temp_vcf4_SM_AS17.vcf	Brahy.D02G0777400.v1.1	0	0	7	3	648	207	0	0	0.0108024691358025	0.0144927536231884	0	*	*
temp_vcf4_SM_AS17.vcf	Brahy.D02G0780300.v1.1	2.26370387271892	1.01427715286742	18.3090272472625	13.6643982519694	1366.74705245735	430.252947542653	0.00165627126734891	0.0023573973372184	0.0133960612641116	0.0317589881255021	0.0814478553987592	0.313397076621226	0.327562274734341
temp_vcf4_SM_AS17.vcf	Brahy.D02G0781600.v1.1	0	0	6	24	605	184	0	0	0.00991735537190082	0.130434782608696	-3	*	*
temp_vcf4_SM_AS17.vcf	Brahy.D02G0782600.v1.1	0	0	8	9	1082.83333333333	366.166666666666	0	0	0.0073880252424196	0.0245789713245335	0	*	*
temp_vcf4_SM_AS17.vcf	Brahy.D02G0783900.v1.1	0	0	0	0	350.166666666667	111.833333333333	0	0	0	0	*	*	*
temp_vcf4_SM_AS17.vcf	Brahy.D02G0784700.v1.1	0	0.382352941176471	18	11.2352941176471	2970.33333333332	947.666666666672	0	0.00040346775361569	0.0060599259342386	0.0118557447600918	0.0119953863898501	*	0.359861591695502
temp_vcf4_SM_AS17.vcf	Brahy.D02G0787200.v1.1	0	0	0	0	532.5	163.5	0	0	0	0	*	*	*
temp_vcf4_SM_AS17.vcf	Brahy.D02G0789500.v1.1	0	0	3	0	891.499999999999	293.5	0	0	0.00336511497476164	0	0	*	*
temp_vcf4_SM_AS17.vcf	Brahy.D02G0789800.v1.1	0	0	4	2	345.666666666667	101.333333333333	0	0	0.0115718418514947	0.0197368421052632	0	*	*
temp_vcf4_SM_AS17.vcf	Brahy.D02G0791900.v1.1	0	0	11	11	689.499999999998	228.5	0	0	0.0159535895576505	0.048140043763676	0	*	*
temp_vcf4_SM_AS17.vcf	Brahy.D02G0794200.v1.1	0.0714285714285714	0	5.96428571428571	0	748.357142857142	247.642857142857	9.54471699914098e-05	0	0.00796983869428272	0	0.0114795918367347	0.068877551020408	*
temp_vcf4_SM_AS17.vcf	Brahy.D02G0794600.v1.1	0	0	7	1	1891.16666666668	550.833333333331	0	0	0.00370141887723625	0.00181543116490167	0	*	*
temp_vcf4_SM_AS17.vcf	Brahy.D02G0797500.v1.1	0	0	1	0	1155.66666666667	377.333333333333	0	0	0.000865301413325642	0	0	*	*
temp_vcf4_SM_AS17.vcf	Brahy.D02G0800100.v1.1	0	0	0	0	504.000000000001	168	0	0	0	0	*	*	*
temp_vcf4_SM_AS17.vcf	Brahy.D02G0801000.v1.1	0	0	1	0	641.166666666666	231.833333333334	0	0	0.00155965687548739	0	0	*	*
temp_vcf4_SM_AS17.vcf	Brahy.D02G0802700.v1.1	0	0	6	10	1614.33333333333	500.666666666666	0	0	0.0037167045219905	0.0199733688415446	-3	*	*
temp_vcf4_SM_AS17.vcf	Brahy.D02G0802800.v1.1	0	0	3	0	1134.83333333333	362.166666666666	0	0	0.00264355999412542	0	0	*	*
temp_vcf4_SM_AS17.vcf	Brahy.D02G0803800.v1.1	0	0	1	2	842.833333333332	255.166666666667	0	0	0.00118647419418628	0.007838014369693	0	*	*
temp_vcf4_SM_AS17.vcf	Brahy.D02G0806300.v1.1	0	0	0	1	915.499999999998	251.500000000001	0	0	0	0.00397614314115307	0	*	*
temp_vcf4_SM_AS17.vcf	Brahy.D02G0807400.v1.1	0	0	2	1	1899.16666666667	581.833333333333	0	0	0.00105309346204475	0.00171870524205099	0	*	*
temp_vcf4_SM_AS17.vcf	Brahy.D02G0808400.v1.1	0	0	7	1	746.833333333332	255.166666666667	0	0	0.00937290783307299	0.0039190071848465	0	*	*
temp_vcf4_SM_AS17.vcf	Brahy.D02G0811100.v1.1	1.27613007744587	0	6.6999466571835	8.53684210526316	1322.25657894737	402.743421052631	0.000965115317075433	0	0.00506705488470115	0.0211967263995296	0.0756251400201509	0.242000448064483	*
temp_vcf4_SM_AS17.vcf	Brahy.D02G0811400.v1.1	0	0	0	1	445.333333333334	139.666666666667	0	0	0	0.00715990453460621	0	*	*
temp_vcf4_SM_AS17.vcf	Brahy.D02G0812300.v1.1	0	0	3	0	640.333333333333	220.666666666667	0	0	0.00468505986465383	0	0	*	*
temp_vcf4_SM_AS17.vcf	Brahy.D02G0812600.v1.1	0	0	0	0	1026.16666666666	368.833333333333	0	0	0	0	*	*	*
temp_vcf4_SM_AS17.vcf	Brahy.D02G0813500.v1.1	0.484848484848485	0.484848484848485	19.35	20.4166666666667	3194.87037037036	956.117129629635	0.00015175842167026	0.000507101556726944	0.00605658375984653	0.0213537296152986	-2.53255050505051	0.444444444444444	*
temp_vcf4_SM_AS17.vcf	Brahy.D02G0814300.v1.1	0	0	1	2	981.833333333332	323.166666666667	0	0	0.0010185028008827	0.00618875709128417	0	*	*
temp_vcf4_SM_AS17.vcf	Brahy.D02G0814500.v1.1	0	0	1	0	987.499999999998	317.5	0	0	0.0010126582278481	0	0	*	*
temp_vcf4_SM_AS17.vcf	Brahy.D02G0814800.v1.1	0	0.0952380952380953	15.952380952381	6	1194.5	428.499999999999	0	0.000222259265433128	0.0133548605712691	0.0140023337222871	0.00394360642807848	*	0.090702947845805
temp_vcf4_SM_AS17.vcf	Brahy.D02G0817000.v1.1	0	0.105263157894737	4	1.94736842105263	600.666666666667	197.333333333333	0	0.000533428165007113	0.00665926748057714	0.00986842105263157	0.0166204986149585	*	0.0997229916897509
temp_vcf4_SM_AS17.vcf	Brahy.D02G0817600.v1.1	0	0	3	1	316.166666666667	100.833333333333	0	0	0.00948866631523458	0.00991735537190083	0	*	*
temp_vcf4_SM_AS17.vcf	Brahy.D02G0818900.v1.1	0	0	2	4	1303.5	415.5	0	0	0.0015343306482547	0.00962695547533094	0	*	*
temp_vcf4_SM_AS17.vcf	Brahy.D02G0821700.v1.1	0	0	8.9811320754717	15.0188679245283	1957.83333333334	649.166666666668	0	0	0.00458728121672171	0.0231356116937534	0	*	*
temp_vcf4_SM_AS17.vcf	Brahy.D02G0823100.v1.1	0	0	4	2	1593.33333333334	428.666666666665	0	0	0.00251046025104602	0.00466562986003112	0	*	*
temp_vcf4_SM_AS17.vcf	Brahy.D02G0824500.v1.1	0	0.189473684210526	0	0.9	1427.16666666667	405.833333333333	0	0.000466875607910949	0	0.00221765913757701	0.18	*	0.18
temp_vcf4_SM_AS17.vcf	Brahy.D02G0825600.v1.1	0	0	4	0	479.500000000001	168.5	0	0	0.00834202294056308	0	0	*	*
temp_vcf4_SM_AS17.vcf	Brahy.D02G0826800.v1.1	0	0	2	1	1328	405.999999999999	0	0	0.00150602409638554	0.00246305418719212	0	*	*
temp_vcf4_SM_AS17.vcf	Brahy.D02G0829800.v1.1	0	0	0	0	217	59	0	0	0	0	*	*	*
temp_vcf4_SM_AS17.vcf	Brahy.D02G0830000.v1.1	0	0	14	14	2069.33333333334	669.666666666667	0	0	0.00676546391752575	0.0209059233449477	-3	*	*
temp_vcf4_SM_AS17.vcf	Brahy.D02G0836800.v1.1	0	0	9	3	367.833333333334	127.166666666667	0	0	0.0244676030811056	0.0235910878112713	0	*	*
temp_vcf4_SM_AS17.vcf	Brahy.D02G0837500.v1.1	0	0	6	10	967.999999999999	340	0	0	0.00619834710743802	0.0294117647058823	-3	*	*
