file	product	N_diffs	S_diffs	N_diffs_vs_ref	S_diffs_vs_ref	N_sites	S_sites	piN	piS	mean_dN_vs_ref	mean_dS_vs_ref	mean_gdiv_polymorphic	mean_N_gdiv	mean_S_gdiv
temp_vcf4_SM_AS17.vcf	Brahy.D01G0002000.v1.1	0.48695652173913	0.250871080139373	0.391304347826087	0.142857142857143	439.739130434783	118.260869565217	0.00110737591457386	0.00212133633941382	0.000889855645639706	0.00120798319327731	0.360634234790324	0.476370510396975	0.244897959183674
temp_vcf4_SM_AS17.vcf	Brahy.D01G0004700.v1.1	0	0	2	0	322.833333333333	127.166666666667	0	0	0.00619514713474445	0	0	*	*
temp_vcf4_SM_AS17.vcf	Brahy.D01G0005400.v1.1	0	0	0	0	827.666666666665	273.333333333334	0	0	0	0	*	*	*
temp_vcf4_SM_AS17.vcf	Brahy.D01G0005700.v1.1	0	0	4	1	693.499999999999	224.5	0	0	0.00576784426820477	0.00445434298440979	0	*	*
temp_vcf4_SM_AS17.vcf	Brahy.D01G0010900.v1.1	11.4088203715888	4.98736380636407	31.0041558627007	16.1244716528655	2161.9457318313	652.054268168707	0.00527710765520689	0.00764869436461335	0.0143408575924051	0.0247287264879825	0.242403789312914	0.467552443356415	0.410702957228727
temp_vcf4_SM_AS17.vcf	Brahy.D01G0011600.v1.1	0.0740740740740742	0	6.96296296296296	3	886.617283950616	271.382716049383	8.35468419293753e-05	0	0.00785340314136127	0.0110544991356564	0.00648459907719169	0.0713305898491086	*
temp_vcf4_SM_AS17.vcf	Brahy.D01G0011700.v1.1	0	0	16	4	2052.33333333334	632.666666666667	0	0	0.00779600454766929	0.00632244467860906	0	*	*
temp_vcf4_SM_AS17.vcf	Brahy.D01G0011900.v1.1	8.07125334169692	9.80340786086468	12.3676136158504	11.6104357799608	2102.80790709345	642.192092906556	0.00383832175752715	0.0152655380985688	0.00588147570404811	0.018079381400372	0.357656528581748	0.39474159327387	0.435054659466424
temp_vcf4_SM_AS17.vcf	Brahy.D01G0014000.v1.1	0	0	0	2	1027.66666666667	337.333333333333	0	0	0	0.00592885375494072	0	*	*
temp_vcf4_SM_AS17.vcf	Brahy.D01G0015000.v1.1	0	0	2	4	605.166666666667	192.833333333334	0	0	0.003304874690168	0.020743301642178	0	*	*
temp_vcf4_SM_AS17.vcf	Brahy.D01G0016100.v1.1	0	0	0	12	1284.16666666667	413.833333333333	0	0	0	0.0289971808296416	-3	*	*
temp_vcf4_SM_AS17.vcf	Brahy.D01G0016300.v1.1	0	0	0	1	870.666666666666	260.333333333334	0	0	0	0.00384122919334186	0	*	*
temp_vcf4_SM_AS17.vcf	Brahy.D01G0016400.v1.1	0	0	0	0	901.166666666665	283.833333333334	0	0	0	0	*	*	*
temp_vcf4_SM_AS17.vcf	Brahy.D01G0017000.v1.1	0	0	4	3	1282.66666666667	424.333333333332	0	0	0.00311850311850311	0.00706991358994503	0	*	*
temp_vcf4_SM_AS17.vcf	Brahy.D01G0019100.v1.1	0	0	0	0	848.999999999999	255	0	0	0	0	*	*	*
temp_vcf4_SM_AS17.vcf	Brahy.D01G0019400.v1.1	0	0	0	0	133.5	40.5	0	0	0	0	*	*	*
temp_vcf4_SM_AS17.vcf	Brahy.D01G0020200.v1.1	0	0	0	0	1163	381.999999999999	0	0	0	0	*	*	*
temp_vcf4_SM_AS17.vcf	Brahy.D01G0020400.v1.1	0	0	1	0	601	188	0	0	0.00166389351081531	0	0	*	*
temp_vcf4_SM_AS17.vcf	Brahy.D01G0026200.v1.1	0	0	0	3	1051.83333333333	364.166666666666	0	0	0	0.00823798627002289	0	*	*
temp_vcf4_SM_AS17.vcf	Brahy.D01G0026400.v1.1	0	0	3	1	1924.33333333334	661.666666666668	0	0	0.00155898146544257	0.00151133501259446	0	*	*
temp_vcf4_SM_AS17.vcf	Brahy.D01G0027700.v1.1	0	0	2	1	577.333333333333	184.666666666667	0	0	0.00346420323325635	0.00541516245487364	0	*	*
temp_vcf4_SM_AS17.vcf	Brahy.D01G0028000.v1.1	0	0	4	5	904.499999999999	310.5	0	0	0.00442233278054174	0.0161030595813205	0	*	*
temp_vcf4_SM_AS17.vcf	Brahy.D01G0029300.v1.1	0	0	4	15	3797.8333333333	1104.16666666667	0	0	0.00105323210602537	0.0135849056603773	0	*	*
temp_vcf4_SM_AS17.vcf	Brahy.D01G0029500.v1.1	0	0	0	1	155.5	54.5	0	0	0	0.018348623853211	0	*	*
temp_vcf4_SM_AS17.vcf	Brahy.D01G0032900.v1.1	0	0	1	6	1045.66666666666	274.333333333334	0	0	0.00095632770162576	0.0218712029161604	0	*	*
temp_vcf4_SM_AS17.vcf	Brahy.D01G0034900.v1.1	0	0	3	3	761.166666666666	243.833333333334	0	0	0.00394131815195972	0.0123034859876965	0	*	*
temp_vcf4_SM_AS17.vcf	Brahy.D01G0038000.v1.1	0	0	1	1	246.666666666667	86.3333333333333	0	0	0.00405405405405406	0.0115830115830116	0	*	*
temp_vcf4_SM_AS17.vcf	Brahy.D01G0039500.v1.1	0	0.0714285714285714	0	5.96428571428571	1171.66666666667	403.333333333332	0	0.000177095631641086	0	0.0147874852420307	0.0114795918367347	*	0.068877551020408
temp_vcf4_SM_AS17.vcf	Brahy.D01G0039800.v1.1	0	0	0	2	299.666666666667	93.3333333333333	0	0	0	0.0214285714285714	0	*	*
temp_vcf4_SM_AS17.vcf	Brahy.D01G0041000.v1.1	0	0	4	11	585.666666666667	185.333333333334	0	0	0.00682982356289129	0.0593525179856115	0	*	*
temp_vcf4_SM_AS17.vcf	Brahy.D01G0043300.v1.1	0	0	5	5	402.166666666667	134.833333333333	0	0	0.0124326564442603	0.0370828182941904	0	*	*
temp_vcf4_SM_AS17.vcf	Brahy.D01G0043800.v1.1	0	0	4	3	493.5	172.5	0	0	0.00810536980749746	0.0173913043478261	0	*	*
temp_vcf4_SM_AS17.vcf	Brahy.D01G0043900.v1.1	0	0	2	2	464.000000000001	157	0	0	0.0043103448275862	0.0127388535031847	0	*	*
temp_vcf4_SM_AS17.vcf	Brahy.D01G0045200.v1.1	0.329411764705882	0	3.2	0	1017.36666666666	320.633333333333	0.000323788635404361	0	0.00314537531535665	0	0.08	0.32	*
temp_vcf4_SM_AS17.vcf	Brahy.D01G0045300.v1.1	1.57142857142857	0.571428571428571	20.5274725274725	14.1428571428571	1613.72666344644	576.320834842812	0.000973788564708018	0.000991511215422959	0.0127205387333886	0.0245399025817182	-1.73656359036197	0.244897959183674	*
temp_vcf4_SM_AS17.vcf	Brahy.D01G0046500.v1.1	0	0	0	0	448	161	0	0	0	0	*	*	*
temp_vcf4_SM_AS17.vcf	Brahy.D01G0047600.v1.1	0	0	1	6	671.166666666666	231.833333333334	0	0	0.00148994288552272	0.0258806613946801	0	*	*
temp_vcf4_SM_AS17.vcf	Brahy.D01G0048100.v1.1	0	0	3	3	1377.5	404.499999999999	0	0	0.00217785843920145	0.0074165636588381	0	*	*
temp_vcf4_SM_AS17.vcf	Brahy.D01G0048300.v1.1	0	0	1	3	745.166666666666	229.833333333334	0	0	0.00134198165958399	0.0130529369108049	0	*	*
temp_vcf4_SM_AS17.vcf	Brahy.D01G0048900.v1.1	0	0	3	1	2071.50000000001	661.5	0	0	0.00144822592324402	0.00151171579743008	0	*	*
temp_vcf4_SM_AS17.vcf	Brahy.D01G0052500.v1.1	0	0	0	3	1223.33333333333	375.666666666665	0	0	0	0.00798580301685894	0	*	*
temp_vcf4_SM_AS17.vcf	Brahy.D01G0054100.v1.1	0	0	1	0	793.999999999999	292	0	0	0.00125944584382872	0	0	*	*
temp_vcf4_SM_AS17.vcf	Brahy.D01G0057400.v1.1	0	0	0	1	928.666666666665	313.333333333333	0	0	0	0.00319148936170213	0	*	*
temp_vcf4_SM_AS17.vcf	Brahy.D01G0059300.v1.1	0	0	37	26	6430.50000000007	1897.49999999998	0	0	0.00575382940673347	0.0137022397891965	0	*	*
temp_vcf4_SM_AS17.vcf	Brahy.D01G0061500.v1.1	0	0	1	2	2409.5	800.500000000002	0	0	0.000415023863872173	0.00249843847595252	0	*	*
temp_vcf4_SM_AS17.vcf	Brahy.D01G0063400.v1.1	0	0	0	0	214.166666666667	76.8333333333333	0	0	0	0	*	*	*
temp_vcf4_SM_AS17.vcf	Brahy.D01G0063700.v1.1	0	0	1	0	194.333333333333	69.6666666666667	0	0	0.00514579759862779	0	0	*	*
temp_vcf4_SM_AS17.vcf	Brahy.D01G0065600.v1.1	0	0	2	0	755.833333333333	273.166666666667	0	0	0.00264608599779493	0	0	*	*
temp_vcf4_SM_AS17.vcf	Brahy.D01G0065800.v1.1	0	0	6	6	1227	366	0	0	0.00488997555012225	0.0163934426229508	-3	*	*
temp_vcf4_SM_AS17.vcf	Brahy.D01G0065900.v1.1	0	0	1	1	950.833333333331	312.166666666667	0	0	0.00105170902716915	0.00320341697810998	0	*	*
temp_vcf4_SM_AS17.vcf	Brahy.D01G0066200.v1.1	0	0	0	2	905.999999999998	306	0	0	0	0.0065359477124183	0	*	*
temp_vcf4_SM_AS17.vcf	Brahy.D01G0068000.v1.1	0	0	0	0	351.833333333333	104.166666666667	0	0	0	0	*	*	*
temp_vcf4_SM_AS17.vcf	Brahy.D01G0070500.v1.1	0	0	0	0	363.166666666667	143.833333333333	0	0	0	0	*	*	*
temp_vcf4_SM_AS17.vcf	Brahy.D01G0070700.v1.1	0	0	0	0	828.833333333332	272.166666666667	0	0	0	0	*	*	*
temp_vcf4_SM_AS17.vcf	Brahy.D01G0071000.v1.1	0	0	0	0	1966.83333333334	601.166666666666	0	0	0	0	*	*	*
temp_vcf4_SM_AS17.vcf	Brahy.D01G0076100.v1.1	0	0	0	0	1362.5	407.499999999999	0	0	0	0	*	*	*
temp_vcf4_SM_AS17.vcf	Brahy.D01G0076300.v1.1	0	0	6	4	1070.33333333333	390.666666666666	0	0	0.00560573030208658	0.0102389078498294	0	*	*
temp_vcf4_SM_AS17.vcf	Brahy.D01G0078700.v1.1	0	0	0	0	521.833333333334	162.166666666667	0	0	0	0	*	*	*
temp_vcf4_SM_AS17.vcf	Brahy.D01G0080000.v1.1	0	0	0	1	1267	427.999999999999	0	0	0	0.00233644859813085	0	*	*
temp_vcf4_SM_AS17.vcf	Brahy.D01G0080100.v1.1	0	0	1	0	1678.66666666667	460.333333333332	0	0	0.000595710881652103	0	0	*	*
temp_vcf4_SM_AS17.vcf	Brahy.D01G0083000.v1.1	0	0	1	2	971.166666666665	318.833333333333	0	0	0.00102968937703793	0.00627286983795086	0	*	*
temp_vcf4_SM_AS17.vcf	Brahy.D01G0089000.v1.1	0	0	0	3	1316.5	408.499999999999	0	0	0	0.00734394124847004	0	*	*
temp_vcf4_SM_AS17.vcf	Brahy.D01G0091000.v1.1	0	0	0	0	1595.33333333334	504.666666666665	0	0	0	0	*	*	*
temp_vcf4_SM_AS17.vcf	Brahy.D01G0092100.v1.1	0	0	0	0	360.833333333333	125.166666666667	0	0	0	0	*	*	*
temp_vcf4_SM_AS17.vcf	Brahy.D01G0092300.v1.1	0	0	0	0	395.666666666667	135.333333333333	0	0	0	0	*	*	*
temp_vcf4_SM_AS17.vcf	Brahy.D01G0092500.v1.1	0	0	0	0	491	181	0	0	0	0	*	*	*
temp_vcf4_SM_AS17.vcf	Brahy.D01G0092700.v1.1	0	0	20	28	6065.33333333338	1833.66666666665	0	0	0.00329742800615517	0.0152699509180151	-15	*	*
temp_vcf4_SM_AS17.vcf	Brahy.D01G0092900.v1.1	0	0	1	0	1395.16666666667	458.833333333332	0	0	0.000716760243698483	0	0	*	*
temp_vcf4_SM_AS17.vcf	Brahy.D01G0093700.v1.1	0	0	1	2	1127.66666666666	405.333333333333	0	0	0.000886786875554243	0.0049342105263158	0	*	*
temp_vcf4_SM_AS17.vcf	Brahy.D01G0094600.v1.1	0	0	1	0	473.166666666667	150.833333333333	0	0	0.00211342021838675	0	0	*	*
temp_vcf4_SM_AS17.vcf	Brahy.D01G0096000.v1.1	0	0	0	0	1732.00000000001	544.999999999999	0	0	0	0	*	*	*
temp_vcf4_SM_AS17.vcf	Brahy.D01G0097000.v1.1	0	0	0	0	3352.66666666665	1219.33333333333	0	0	0	0	*	*	*
temp_vcf4_SM_AS17.vcf	Brahy.D01G0098100.v1.1	0	0	0	0	881.666666666665	261.333333333334	0	0	0	0	*	*	*
temp_vcf4_SM_AS17.vcf	Brahy.D01G0098700.v1.1	0	0	0	0	854.666666666665	282.333333333334	0	0	0	0	*	*	*
temp_vcf4_SM_AS17.vcf	Brahy.D01G0099800.v1.1	0	0	0	0	1221.66666666667	380.333333333332	0	0	0	0	*	*	*
temp_vcf4_SM_AS17.vcf	Brahy.D01G0101000.v1.1	0	0	1	2	2255.16666666667	678.833333333334	0	0	0.000443426206488802	0.00294623127915541	0	*	*
temp_vcf4_SM_AS17.vcf	Brahy.D01G0103200.v1.1	0	0	0	1	690.999999999999	230	0	0	0	0.00434782608695652	0	*	*
temp_vcf4_SM_AS17.vcf	Brahy.D01G0103500.v1.1	0	0	1	1	2323	788.000000000001	0	0	0.000430477830391735	0.00126903553299492	0	*	*
temp_vcf4_SM_AS17.vcf	Brahy.D01G0104300.v1.1	0	0	0	0	1041.66666666666	326.333333333333	0	0	0	0	*	*	*
temp_vcf4_SM_AS17.vcf	Brahy.D01G0104700.v1.1	0	0	0	0	566.666666666667	162.333333333333	0	0	0	0	*	*	*
temp_vcf4_SM_AS17.vcf	Brahy.D01G0105000.v1.1	0	0.466666666666667	0	1.3	723.283333333333	242.716666666667	0	0.00192268076632562	0	0.00535603927762137	0.21	*	0.42
temp_vcf4_SM_AS17.vcf	Brahy.D01G0105300.v1.1	0	0	2	0	1591.66666666667	454.333333333332	0	0	0.0012565445026178	0	-3	*	*
temp_vcf4_SM_AS17.vcf	Brahy.D01G0107000.v1.1	0	0	0	0	900.666666666665	290.333333333333	0	0	0	0	*	*	*
temp_vcf4_SM_AS17.vcf	Brahy.D01G0108800.v1.1	0	0	0	4	2640.16666666666	809.833333333337	0	0	0	0.00493928791932494	0	*	*
temp_vcf4_SM_AS17.vcf	Brahy.D01G0111100.v1.1	0	0	1	0	991.833333333331	310.166666666666	0	0	0.00100823391026718	0	0	*	*
temp_vcf4_SM_AS17.vcf	Brahy.D01G0111200.v1.1	0	0.5	0	0.333333333333333	554.055555555556	195.944444444445	0	0.00255174369152254	0	0.00170116246101503	0.444444444444444	*	0.444444444444444
temp_vcf4_SM_AS17.vcf	Brahy.D01G0113900.v1.1	0	0	1	0	726.666666666667	254.333333333334	0	0	0.00137614678899083	0	0	*	*
temp_vcf4_SM_AS17.vcf	Brahy.D01G0120200.v1.1	0	0	1	1	1425	437.999999999999	0	0	0.000701754385964911	0.00228310502283106	0	*	*
temp_vcf4_SM_AS17.vcf	Brahy.D01G0121600.v1.1	0	0	1	1	223.5	82.5	0	0	0.00447427293064877	0.0121212121212121	0	*	*
temp_vcf4_SM_AS17.vcf	Brahy.D01G0123800.v1.1	0	0	2	0	870.666666666665	269.333333333334	0	0	0.00229709035222052	0	0	*	*
temp_vcf4_SM_AS17.vcf	Brahy.D01G0126800.v1.1	0	0	0	1	471.166666666667	155.833333333333	0	0	0	0.00641711229946524	0	*	*
temp_vcf4_SM_AS17.vcf	Brahy.D01G0128100.v1.1	0	0	0	0	280.833333333333	97.1666666666666	0	0	0	0	*	*	*
temp_vcf4_SM_AS17.vcf	Brahy.D01G0128400.v1.1	0	0	0	1	1070.16666666667	366.833333333333	0	0	0	0.00272603362108133	0	*	*
temp_vcf4_SM_AS17.vcf	Brahy.D01G0130900.v1.1	0	0	0	0	792.999999999999	293	0	0	0	0	*	*	*
temp_vcf4_SM_AS17.vcf	Brahy.D01G0132000.v1.1	0	0	0	1	634.166666666666	211.833333333334	0	0	0	0.004720692368214	0	*	*
temp_vcf4_SM_AS17.vcf	Brahy.D01G0133100.v1.1	0	0	8	16	5132.66666666667	1542.33333333332	0	0	0.00155864397973763	0.0103738923708667	-3	*	*
temp_vcf4_SM_AS17.vcf	Brahy.D01G0133500.v1.1	0	0	0	3	860.999999999999	321	0	0	0	0.00934579439252337	0	*	*
temp_vcf4_SM_AS17.vcf	Brahy.D01G0140700.v1.1	0	0	0	0	387	126	0	0	0	0	*	*	*
temp_vcf4_SM_AS17.vcf	Brahy.D01G0141400.v1.1	0	0	3	3	987.166666666664	329.833333333333	0	0	0.00303900050650009	0.00909550277918141	0	*	*
temp_vcf4_SM_AS17.vcf	Brahy.D01G0142300.v1.1	0	0.666666666666667	2	3.66666666666667	1376.33333333333	483.666666666665	0	0.00137835975189525	0.00145313635262775	0.00758097863542387	0.0740740740740741	*	0.444444444444444
temp_vcf4_SM_AS17.vcf	Brahy.D01G0142900.v1.1	0.247619047619048	0	4.86666666666667	1	839.422222222221	309.577777777778	0.000294987481941472	0	0.00579763858738816	0.00323020601536142	0.0385185185185185	0.231111111111111	*
temp_vcf4_SM_AS17.vcf	Brahy.D01G0143600.v1.1	0	0	1	1	1320.5	407.499999999999	0	0	0.000757288905717531	0.00245398773006136	0	*	*
temp_vcf4_SM_AS17.vcf	Brahy.D01G0147000.v1.1	0	0	0	0	1457.83333333333	486.166666666665	0	0	0	0	*	*	*
temp_vcf4_SM_AS17.vcf	Brahy.D01G0147400.v1.1	0	0	0	0	1359.16666666667	455.833333333332	0	0	0	0	*	*	*
temp_vcf4_SM_AS17.vcf	Brahy.D01G0148000.v1.1	0	0	0	0	1446	455.999999999999	0	0	0	0	*	*	*
temp_vcf4_SM_AS17.vcf	Brahy.D01G0149800.v1.1	0	0	0	0	322.666666666667	97.3333333333333	0	0	0	0	*	*	*
temp_vcf4_SM_AS17.vcf	Brahy.D01G0151500.v1.1	0	0	0	0	1815.83333333334	593.166666666666	0	0	0	0	*	*	*
temp_vcf4_SM_AS17.vcf	Brahy.D01G0152900.v1.1	0	0	0	0	501.166666666667	176.833333333333	0	0	0	0	*	*	*
temp_vcf4_SM_AS17.vcf	Brahy.D01G0153700.v1.1	0	0	0	0	370	137	0	0	0	0	*	*	*
temp_vcf4_SM_AS17.vcf	Brahy.D01G0157100.v1.1	0	0	0	0	316.666666666667	109.333333333333	0	0	0	0	*	*	*
temp_vcf4_SM_AS17.vcf	Brahy.D01G0157600.v1.1	0	0	0	0	821.333333333333	279.666666666667	0	0	0	0	*	*	*
temp_vcf4_SM_AS17.vcf	Brahy.D01G0158900.v1.1	0	0	0	0	387.5	125.5	0	0	0	0	*	*	*
temp_vcf4_SM_AS17.vcf	Brahy.D01G0159500.v1.1	0.0526315789473684	0	6.97368421052632	1	1970.51315789474	621.486842105263	2.67095800586274e-05	0	0.00353901935776814	0.00160904452395571	0.00640581717451522	0.0512465373961217	*
temp_vcf4_SM_AS17.vcf	Brahy.D01G0164200.v1.1	0	0	0	1	295.166666666666	94.8333333333333	0	0	0	0.0105448154657294	0	*	*
temp_vcf4_SM_AS17.vcf	Brahy.D01G0164300.v1.1	0	0	3	0	886.499999999998	316.5	0	0	0.00338409475465314	0	0	*	*
temp_vcf4_SM_AS17.vcf	Brahy.D01G0165400.v1.1	0	0	0	0	1018.33333333333	370.666666666666	0	0	0	0	*	*	*
temp_vcf4_SM_AS17.vcf	Brahy.D01G0165500.v1.1	0	0	1	0	866.666666666665	273.333333333334	0	0	0.00115384615384616	0	0	*	*
temp_vcf4_SM_AS17.vcf	Brahy.D01G0167300.v1.1	0	0	1	0	687.833333333332	227.166666666667	0	0	0.00145384056215169	0	0	*	*
temp_vcf4_SM_AS17.vcf	Brahy.D01G0170400.v1.1	0	0	0	0	300.333333333333	92.6666666666667	0	0	0	0	*	*	*
temp_vcf4_SM_AS17.vcf	Brahy.D01G0171200.v1.1	0	0	0	0	693.833333333333	215.166666666667	0	0	0	0	*	*	*
temp_vcf4_SM_AS17.vcf	Brahy.D01G0174000.v1.1	0	0	3	0	1421	495.999999999999	0	0	0.00211118930330753	0	0	*	*
temp_vcf4_SM_AS17.vcf	Brahy.D01G0177700.v1.1	0	0	0	0	796.166666666666	268.833333333334	0	0	0	0	*	*	*
temp_vcf4_SM_AS17.vcf	Brahy.D01G0177800.v1.1	0	0	0	0	545.666666666667	183.333333333334	0	0	0	0	*	*	*
temp_vcf4_SM_AS17.vcf	Brahy.D01G0179100.v1.1	0	0	0	0	883.833333333332	298.166666666667	0	0	0	0	*	*	*
temp_vcf4_SM_AS17.vcf	Brahy.D01G0179900.v1.1	0	0	1	1	1408.16666666667	454.833333333332	0	0	0.000710143212214462	0.00219860754855259	0	*	*
temp_vcf4_SM_AS17.vcf	Brahy.D01G0181000.v1.1	0	0	0	2	1320.33333333333	479.666666666666	0	0	0	0.00416956219596943	0	*	*
temp_vcf4_SM_AS17.vcf	Brahy.D01G0183500.v1.1	0	0	0	1	860.166666666666	294.833333333333	0	0	0	0.00339174674957603	0	*	*
temp_vcf4_SM_AS17.vcf	Brahy.D01G0184300.v1.1	0	0	0	2	1021.16666666666	349.833333333333	0	0	0	0.00571700809909481	0	*	*
temp_vcf4_SM_AS17.vcf	Brahy.D01G0185700.v1.1	0	0	1	3	351	129	0	0	0.00284900284900285	0.0232558139534884	0	*	*
temp_vcf4_SM_AS17.vcf	Brahy.D01G0187500.v1.1	0	0	1	0	1102.83333333333	373.166666666667	0	0	0.000906755327187548	0	0	*	*
temp_vcf4_SM_AS17.vcf	Brahy.D01G0191700.v1.1	0	0	0	0	1480.33333333333	565.666666666667	0	0	0	0	*	*	*
temp_vcf4_SM_AS17.vcf	Brahy.D01G0193300.v1.1	0	0	0	0	834.833333333332	248.166666666667	0	0	0	0	*	*	*
temp_vcf4_SM_AS17.vcf	Brahy.D01G0194000.v1.1	0	0	0	0	524.5	183.5	0	0	0	0	*	*	*
temp_vcf4_SM_AS17.vcf	Brahy.D01G0195100.v1.1	0	0	1	0	1016.16666666666	342.833333333333	0	0	0.000984090536329344	0	0	*	*
temp_vcf4_SM_AS17.vcf	Brahy.D01G0195800.v1.1	0	0	1	0	1244.66666666667	417.333333333333	0	0	0.000803427959292984	0	0	*	*
temp_vcf4_SM_AS17.vcf	Brahy.D01G0198000.v1.1	0	0	0	0	852.499999999999	254.5	0	0	0	0	*	*	*
temp_vcf4_SM_AS17.vcf	Brahy.D01G0199300.v1.1	0	0	0	0	704.166666666666	246.833333333334	0	0	0	0	*	*	*
temp_vcf4_SM_AS17.vcf	Brahy.D01G0200500.v1.1	0	0	2	6	2713.83333333333	838.166666666669	0	0	0.000736964932751951	0.00715848081129447	-3	*	*
temp_vcf4_SM_AS17.vcf	Brahy.D01G0202600.v1.1	0	0	0	0	760.833333333333	250.166666666667	0	0	0	0	*	*	*
temp_vcf4_SM_AS17.vcf	Brahy.D01G0204700.v1.1	0	0	0	0	819.666666666665	272.333333333334	0	0	0	0	*	*	*
temp_vcf4_SM_AS17.vcf	Brahy.D01G0205100.v1.1	0	0	2	1	935.499999999998	279.5	0	0	0.00213789417423838	0.0035778175313059	0	*	*
temp_vcf4_SM_AS17.vcf	Brahy.D01G0206500.v1.1	0	0	0	0	2013.33333333334	644.666666666667	0	0	0	0	*	*	*
temp_vcf4_SM_AS17.vcf	Brahy.D01G0206900.v1.1	0	0	0	1	1138.33333333333	397.666666666666	0	0	0	0.00251466890192792	0	*	*
temp_vcf4_SM_AS17.vcf	Brahy.D01G0216700.v1.1	0	0	0	0	827.499999999999	315.5	0	0	0	0	*	*	*
temp_vcf4_SM_AS17.vcf	Brahy.D01G0218000.v1.1	0	0	0	0	488.333333333334	186.666666666667	0	0	0	0	*	*	*
temp_vcf4_SM_AS17.vcf	Brahy.D01G0218100.v1.1	0	0	0	0	1024	326	0	0	0	0	*	*	*
temp_vcf4_SM_AS17.vcf	Brahy.D01G0220600.v1.1	0	0	0	1	1093.33333333333	394.666666666666	0	0	0	0.00253378378378379	0	*	*
temp_vcf4_SM_AS17.vcf	Brahy.D01G0221400.v1.1	0	0	2	1	792.666666666666	239.333333333334	0	0	0.00252312867956266	0.00417827298050139	0	*	*
temp_vcf4_SM_AS17.vcf	Brahy.D01G0221800.v1.1	0	0	0	0	357.833333333333	89.1666666666666	0	0	0	0	*	*	*
temp_vcf4_SM_AS17.vcf	Brahy.D01G0221900.v1.1	0	0	0	0	579.5	161.5	0	0	0	0	*	*	*
temp_vcf4_SM_AS17.vcf	Brahy.D01G0223700.v1.1	0	0	0	0	731.5	231.5	0	0	0	0	*	*	*
temp_vcf4_SM_AS17.vcf	Brahy.D01G0223800.v1.1	0	0	3	1	1111.5	337.5	0	0	0.00269905533063428	0.00296296296296297	0	*	*
temp_vcf4_SM_AS17.vcf	Brahy.D01G0224700.v1.1	0	0	1	1	841.499999999999	277.5	0	0	0.0011883541295306	0.0036036036036036	0	*	*
temp_vcf4_SM_AS17.vcf	Brahy.D01G0227500.v1.1	0.901190476190476	0	4.31854838709677	1	735.208333333333	245.304166666667	0.00122576205319192	0	0.00587391109607949	0.00407657160328163	0.1054296875	0.281145833333333	*
temp_vcf4_SM_AS17.vcf	Brahy.D01G0227700.v1.1	0	0	3	2	1496.16666666667	441.833333333332	0	0	0.002005124206305	0.00452659373821201	0	*	*
temp_vcf4_SM_AS17.vcf	Brahy.D01G0227800.v1.1	0	0	1	8	2184.50000000001	650.500000000001	0	0	0.000457770656900891	0.0122982321291314	0	*	*
temp_vcf4_SM_AS17.vcf	Brahy.D01G0230700.v1.1	0	0	3	3	996.499999999998	344.5	0	0	0.00301053687907678	0.00870827285921625	0	*	*
temp_vcf4_SM_AS17.vcf	Brahy.D01G0237700.v1.1	0	0	0	1	1232.83333333333	396.166666666666	0	0	0	0.0025241901556584	0	*	*
temp_vcf4_SM_AS17.vcf	Brahy.D01G0238900.v1.1	0	0	0	0	1337.16666666667	387.833333333332	0	0	0	0	*	*	*
temp_vcf4_SM_AS17.vcf	Brahy.D01G0239700.v1.1	0	0	0	4	1591	469.999999999999	0	0	0	0.00851063829787236	-3	*	*
temp_vcf4_SM_AS17.vcf	Brahy.D01G0242700.v1.1	0	0	4	0	1005.33333333333	314.666666666666	0	0	0.00397877984084881	0	0	*	*
temp_vcf4_SM_AS17.vcf	Brahy.D01G0246100.v1.1	0	0	0	0	648.5	212.5	0	0	0	0	*	*	*
temp_vcf4_SM_AS17.vcf	Brahy.D01G0246500.v1.1	0	0	0	0	1808.66666666667	552.333333333332	0	0	0	0	*	*	*
temp_vcf4_SM_AS17.vcf	Brahy.D01G0246900.v1.1	0	0	2	6	6216.6666666667	1880.33333333332	0	0	0.000321715817694368	0.00319092359510728	-3	*	*
temp_vcf4_SM_AS17.vcf	Brahy.D01G0248700.v1.1	0.268421052631579	0.503267973856209	1.15	0.277777777777778	1167.88333333333	386.116666666666	0.000229835502374591	0.00130340909187088	0.000984687397428396	0.00071941410914951	0.182577160493827	0.255	0.237654320987654
temp_vcf4_SM_AS17.vcf	Brahy.D01G0249500.v1.1	0	0	3	0	1730.00000000001	525.999999999999	0	0	0.00173410404624277	0	0	*	*
temp_vcf4_SM_AS17.vcf	Brahy.D01G0249600.v1.1	0	0	1	1	1192.83333333333	424.166666666666	0	0	0.000838340086628476	0.00235756385068763	0	*	*
temp_vcf4_SM_AS17.vcf	Brahy.D01G0252300.v1.1	0	0	1	3	735.166666666666	236.833333333334	0	0	0.00136023577420086	0.0126671358198452	0	*	*
temp_vcf4_SM_AS17.vcf	Brahy.D01G0253200.v1.1	0	0	3	15	8958.00000000008	2694.00000000002	0	0	0.00033489618218352	0.0055679287305122	0	*	*
temp_vcf4_SM_AS17.vcf	Brahy.D01G0254100.v1.1	0	0	2	1	792.666666666666	272.333333333334	0	0	0.00252312867956266	0.003671970624235	0	*	*
temp_vcf4_SM_AS17.vcf	Brahy.D01G0254200.v1.1	0	0	0	1	479	157	0	0	0	0.00636942675159236	0	*	*
temp_vcf4_SM_AS17.vcf	Brahy.D01G0254400.v1.1	0	0	1	1	760.333333333332	283.666666666667	0	0	0.00131521262604121	0.00352526439482961	0	*	*
temp_vcf4_SM_AS17.vcf	Brahy.D01G0255200.v1.1	0	0	1	0	908.666666666665	321.333333333333	0	0	0.00110051357300074	0	0	*	*
temp_vcf4_SM_AS17.vcf	Brahy.D01G0256000.v1.1	0	0	0	0	2031.00000000001	714.000000000002	0	0	0	0	*	*	*
temp_vcf4_SM_AS17.vcf	Brahy.D01G0256500.v1.1	0	0	3	1	878.499999999999	291.5	0	0	0.00341491178144565	0.00343053173241852	0	*	*
temp_vcf4_SM_AS17.vcf	Brahy.D01G0257700.v1.1	0	0	0	1	771.499999999999	266.500000000001	0	0	0	0.00375234521575984	0	*	*
temp_vcf4_SM_AS17.vcf	Brahy.D01G0258900.v1.1	0	0	1	0	1504.83333333334	517.166666666665	0	0	0.000664525418097241	0	0	*	*
temp_vcf4_SM_AS17.vcf	Brahy.D01G0260000.v1.1	0	0	6	14	2880.66666666666	956.333333333337	0	0	0.00208285119185374	0.0146392471244336	-3	*	*
temp_vcf4_SM_AS17.vcf	Brahy.D01G0262100.v1.1	0	0	0	8	1138.66666666667	376.333333333333	0	0	0	0.0212577502214349	-3	*	*
temp_vcf4_SM_AS17.vcf	Brahy.D01G0263400.v1.1	0	0	1	1	442.666666666667	166.333333333333	0	0	0.00225903614457831	0.00601202404809619	0	*	*
temp_vcf4_SM_AS17.vcf	Brahy.D01G0264800.v1.1	0	0	0	1	691.666666666667	202.333333333334	0	0	0	0.00494233937397034	0	*	*
temp_vcf4_SM_AS17.vcf	Brahy.D01G0265900.v1.1	0	0	6	1	1513	430.999999999999	0	0	0.00396563119629874	0.00232018561484919	0	*	*
temp_vcf4_SM_AS17.vcf	Brahy.D01G0266500.v1.1	0	0	0	0	2544.16666666666	782.833333333337	0	0	0	0	*	*	*
temp_vcf4_SM_AS17.vcf	Brahy.D01G0268800.v1.1	0	0	1	1	746.166666666666	201.833333333334	0	0	0.00134018315836498	0.00495458298926507	0	*	*
temp_vcf4_SM_AS17.vcf	Brahy.D01G0270600.v1.1	0	0	0	0	362.333333333333	129.666666666667	0	0	0	0	*	*	*
temp_vcf4_SM_AS17.vcf	Brahy.D01G0272000.v1.1	0	0	1	1	1640.83333333334	519.166666666665	0	0	0.000609446419502284	0.00192616372391654	0	*	*
temp_vcf4_SM_AS17.vcf	Brahy.D01G0272300.v1.1	0	0	0	0	404.5	99.4999999999999	0	0	0	0	*	*	*
temp_vcf4_SM_AS17.vcf	Brahy.D01G0272700.v1.1	0	0	0	0	208.666666666667	61.3333333333334	0	0	0	0	*	*	*
temp_vcf4_SM_AS17.vcf	Brahy.D01G0274700.v1.1	0	0	0	1	759.833333333332	227.166666666667	0	0	0	0.00440205429200293	0	*	*
temp_vcf4_SM_AS17.vcf	Brahy.D01G0275900.v1.1	0	0	0	0	574.666666666667	175.333333333333	0	0	0	0	*	*	*
temp_vcf4_SM_AS17.vcf	Brahy.D01G0278800.v1.1	0	0	0	0	546.833333333334	176.166666666667	0	0	0	0	*	*	*
temp_vcf4_SM_AS17.vcf	Brahy.D01G0279800.v1.1	0	0	0	0	361.333333333333	133.666666666667	0	0	0	0	*	*	*
temp_vcf4_SM_AS17.vcf	Brahy.D01G0280200.v1.1	0	0	0	0	330	105	0	0	0	0	*	*	*
temp_vcf4_SM_AS17.vcf	Brahy.D01G0282100.v1.1	0	0	2	0	376.5	121.5	0	0	0.00531208499335989	0	0	*	*
temp_vcf4_SM_AS17.vcf	Brahy.D01G0283200.v1.1	0.233333333333333	0	8.875	3	711.708333333333	221.291666666667	0.000327849657514197	0	0.0124699959018793	0.0135567689700621	0.0182291666666667	0.21875	*
temp_vcf4_SM_AS17.vcf	Brahy.D01G0285300.v1.1	0	0	0	0	524.666666666667	171.333333333334	0	0	0	0	*	*	*
temp_vcf4_SM_AS17.vcf	Brahy.D01G0287300.v1.1	0	0	0	4	4186.49999999997	1255.5	0	0	0	0.00318598168060534	-3	*	*
temp_vcf4_SM_AS17.vcf	Brahy.D01G0287800.v1.1	0	0	0	0	744.333333333333	260.666666666667	0	0	0	0	*	*	*
temp_vcf4_SM_AS17.vcf	Brahy.D01G0288700.v1.1	0	0	2	1	747.499999999999	257.5	0	0	0.00267558528428094	0.00388349514563106	0	*	*
temp_vcf4_SM_AS17.vcf	Brahy.D01G0289100.v1.1	0	0	0	1	995.166666666665	312.833333333333	0	0	0	0.00319659030367608	0	*	*
temp_vcf4_SM_AS17.vcf	Brahy.D01G0290800.v1.1	0	0	0	0	835.833333333332	298.166666666667	0	0	0	0	*	*	*
temp_vcf4_SM_AS17.vcf	Brahy.D01G0291500.v1.1	0.308823529411765	0	2.17647058823529	1	2065.15686274511	643.843137254902	0.000149539986517664	0	0.00105390085736259	0.0015531733463272	0.0726643598615917	0.290657439446367	*
temp_vcf4_SM_AS17.vcf	Brahy.D01G0293200.v1.1	0	0	2	5	2510.5	867.500000000004	0	0	0.000796654052977496	0.00576368876080689	0	*	*
temp_vcf4_SM_AS17.vcf	Brahy.D01G0293600.v1.1	0	0	3	0	1607.50000000001	495.499999999998	0	0	0.00186625194401244	0	0	*	*
temp_vcf4_SM_AS17.vcf	Brahy.D01G0294000.v1.1	0	0	2	1	1396.83333333333	439.166666666666	0	0	0.00143181004653383	0.00227703984819735	0	*	*
temp_vcf4_SM_AS17.vcf	Brahy.D01G0294300.v1.1	0	0	0	2	808.166666666666	265.833333333334	0	0	0	0.00752351097178682	0	*	*
temp_vcf4_SM_AS17.vcf	Brahy.D01G0294800.v1.1	0	0	0	0	345.333333333333	131.666666666667	0	0	0	0	*	*	*
temp_vcf4_SM_AS17.vcf	Brahy.D01G0296000.v1.1	0	0	1	0	1159.16666666667	406.833333333333	0	0	0.000862688713156004	0	0	*	*
temp_vcf4_SM_AS17.vcf	Brahy.D01G0296600.v1.1	0	0	3	1	674.833333333333	237.166666666667	0	0	0.00444554210916276	0.00421644413211525	0	*	*
temp_vcf4_SM_AS17.vcf	Brahy.D01G0298600.v1.1	0	0	0	0	609.333333333333	200.666666666667	0	0	0	0	*	*	*
temp_vcf4_SM_AS17.vcf	Brahy.D01G0303500.v1.1	0	0	1	2	1133.83333333333	408.166666666666	0	0	0.000881963839482581	0.00489995916700695	0	*	*
temp_vcf4_SM_AS17.vcf	Brahy.D01G0307500.v1.1	0	0	3	2	1526.66666666667	486.333333333332	0	0	0.0019650655021834	0.00411240575736807	0	*	*
temp_vcf4_SM_AS17.vcf	Brahy.D01G0308100.v1.1	0	0	0	0	589.666666666667	193.333333333333	0	0	0	0	*	*	*
temp_vcf4_SM_AS17.vcf	Brahy.D01G0312300.v1.1	0.419047619047619	0	0.266666666666667	0	613.988888888889	208.011111111111	0.000682500329616636	0	0.000434318391574223	0	0.391111111111111	0.391111111111111	*
temp_vcf4_SM_AS17.vcf	Brahy.D01G0312400.v1.1	0	0	0	0	967.166666666665	301.833333333333	0	0	0	0	*	*	*
temp_vcf4_SM_AS17.vcf	Brahy.D01G0313000.v1.1	0	0	0	2	437.333333333333	156.666666666667	0	0	0	0.0127659574468085	0	*	*
temp_vcf4_SM_AS17.vcf	Brahy.D01G0313900.v1.1	0	0	0	0	1581.5	488.499999999999	0	0	0	0	*	*	*
temp_vcf4_SM_AS17.vcf	Brahy.D01G0314400.v1.1	0	0	0	0	673.499999999999	208.5	0	0	0	0	*	*	*
temp_vcf4_SM_AS17.vcf	Brahy.D01G0314900.v1.1	0	0	0	2	1245.5	368.499999999999	0	0	0	0.00542740841248305	0	*	*
temp_vcf4_SM_AS17.vcf	Brahy.D01G0315100.v1.1	0	0	1	2	622.333333333333	193.666666666667	0	0	0.00160685591858597	0.0103270223752151	0	*	*
temp_vcf4_SM_AS17.vcf	Brahy.D01G0316400.v1.1	0	0	0	0	1090.16666666667	376.833333333333	0	0	0	0	*	*	*
temp_vcf4_SM_AS17.vcf	Brahy.D01G0317400.v1.1	0	0	0	0	228.166666666667	80.8333333333333	0	0	0	0	*	*	*
temp_vcf4_SM_AS17.vcf	Brahy.D01G0320100.v1.1	0	0	0	0	3520.33333333332	1012.66666666667	0	0	0	0	*	*	*
temp_vcf4_SM_AS17.vcf	Brahy.D01G0320500.v1.1	0	0	0	3	3974.3333333333	1182.66666666667	0	0	0	0.00253664036076662	0	*	*
temp_vcf4_SM_AS17.vcf	Brahy.D01G0321800.v1.1	0	0	1	0	711.499999999999	260.5	0	0	0.00140548137737175	0	0	*	*
temp_vcf4_SM_AS17.vcf	Brahy.D01G0323600.v1.1	0	0	0	4	2346	849.000000000001	0	0	0	0.00471142520612485	-3	*	*
temp_vcf4_SM_AS17.vcf	Brahy.D01G0323900.v1.1	0	0	0	0	612.5	212.5	0	0	0	0	*	*	*
temp_vcf4_SM_AS17.vcf	Brahy.D01G0324400.v1.1	0	0	1	1	652.5	205.5	0	0	0.00153256704980843	0.00486618004866179	0	*	*
temp_vcf4_SM_AS17.vcf	Brahy.D01G0325000.v1.1	0	0.461538461538462	0	0.307692307692308	1433	429.999999999999	0	0.00107334525939177	0	0.000715563506261183	0.42603550295858	*	0.42603550295858
temp_vcf4_SM_AS17.vcf	Brahy.D01G0327300.v1.1	0	0	3	6	1866.33333333334	581.666666666667	0	0	0.0016074298981961	0.0103151862464183	0	*	*
temp_vcf4_SM_AS17.vcf	Brahy.D01G0328700.v1.1	0	0	1	5	1929.66666666667	611.333333333333	0	0	0.000518224218345136	0.00817884405670665	0	*	*
temp_vcf4_SM_AS17.vcf	Brahy.D01G0328800.v1.1	0	0.0512820512820513	4	0.974358974358974	2006.8247863248	663.175213675214	0	7.73280578413873e-05	0.00199319842332893	0.00146923309898636	0.00999342537804076	*	0.0499671268902038
temp_vcf4_SM_AS17.vcf	Brahy.D01G0330100.v1.1	0	0	0	0	158	49	0	0	0	0	*	*	*
temp_vcf4_SM_AS17.vcf	Brahy.D01G0331700.v1.1	0	0	0	0	2565.66666666667	938.333333333336	0	0	0	0	*	*	*
temp_vcf4_SM_AS17.vcf	Brahy.D01G0332400.v1.1	0	0	0	0	752.499999999999	294.5	0	0	0	0	*	*	*
temp_vcf4_SM_AS17.vcf	Brahy.D01G0332500.v1.1	0	0	0	1	1267.33333333333	424.666666666666	0	0	0	0.00235478806907379	0	*	*
temp_vcf4_SM_AS17.vcf	Brahy.D01G0332600.v1.1	0	0	0	0	1227.5	416.499999999999	0	0	0	0	*	*	*
temp_vcf4_SM_AS17.vcf	Brahy.D01G0332800.v1.1	6.51984139190913	3.39702635863252	7.3041005743581	3.55301499254673	1515.09009294688	512.909907053122	0.00430326976742876	0.00662304687805669	0.00482090181195198	0.00692717169952957	0.480014761900103	0.485967687650021	0.46895932836454
temp_vcf4_SM_AS17.vcf	Brahy.D01G0332900.v1.1	0	0	0	0	1638.33333333334	530.666666666665	0	0	0	0	*	*	*
temp_vcf4_SM_AS17.vcf	Brahy.D01G0335200.v1.1	0.362637362637363	0	6.78571428571429	8	997.499999999998	367.499999999999	0.000363546228207883	0	0.00680272108843539	0.0217687074829932	0.0224489795918367	0.336734693877551	*
temp_vcf4_SM_AS17.vcf	Brahy.D01G0336700.v1.1	23.3607678622938	9.27563377462381	23.4503952798804	10.5482434378379	979.569676733013	286.430323266985	0.0238479900074132	0.0323835607516243	0.0239394867326747	0.0368265598332122	0.450442080515493	0.479280597842889	0.473934607235194
temp_vcf4_SM_AS17.vcf	Brahy.D01G0337500.v1.1	0	0	2	4	810.666666666665	266.333333333334	0	0	0.0024671052631579	0.0150187734668335	0	*	*
temp_vcf4_SM_AS17.vcf	Brahy.D01G0337600.v1.1	0	0	0	4	829.333333333333	268.666666666667	0	0	0	0.0148883374689826	0	*	*
temp_vcf4_SM_AS17.vcf	Brahy.D01G0338400.v1.1	0	0	0	0	842.666666666666	288.333333333334	0	0	0	0	*	*	*
temp_vcf4_SM_AS17.vcf	Brahy.D01G0341800.v1.1	0	0	0	0	386.166666666667	144.833333333333	0	0	0	0	*	*	*
temp_vcf4_SM_AS17.vcf	Brahy.D01G0342400.v1.1	0	0	0	0	3770.66666666662	1026.33333333335	0	0	0	0	*	*	*
temp_vcf4_SM_AS17.vcf	Brahy.D01G0342900.v1.1	0	0	0	3	809.999999999999	267	0	0	0	0.0112359550561798	0	*	*
temp_vcf4_SM_AS17.vcf	Brahy.D01G0345400.v1.1	0	0	3	1	1043.83333333333	345.166666666666	0	0	0.00287402203416893	0.00289715113471753	0	*	*
temp_vcf4_SM_AS17.vcf	Brahy.D01G0349600.v1.1	0	0	0	1	1070.5	390.499999999999	0	0	0	0.00256081946222792	0	*	*
temp_vcf4_SM_AS17.vcf	Brahy.D01G0354200.v1.1	0	0	0	0	623.333333333333	204.666666666667	0	0	0	0	*	*	*
temp_vcf4_SM_AS17.vcf	Brahy.D01G0354300.v1.1	0	0	0	1	1740.33333333334	611.666666666667	0	0	0	0.00163487738419618	0	*	*
temp_vcf4_SM_AS17.vcf	Brahy.D01G0355500.v1.1	0	0	1	1	1187.33333333333	396.666666666666	0	0	0.000842223469960697	0.00252100840336135	0	*	*
temp_vcf4_SM_AS17.vcf	Brahy.D01G0366200.v1.1	0	0	1	0	1208	381.999999999999	0	0	0.000827814569536424	0	0	*	*
temp_vcf4_SM_AS17.vcf	Brahy.D01G0370900.v1.1	0	0	0	0	249.166666666667	92.8333333333333	0	0	0	0	*	*	*
temp_vcf4_SM_AS17.vcf	Brahy.D01G0372300.v1.1	0	0	0	0	406.166666666667	148.833333333333	0	0	0	0	*	*	*
temp_vcf4_SM_AS17.vcf	Brahy.D01G0375000.v1.1	0	0	0	1	367.833333333333	118.166666666667	0	0	0	0.00846262341325811	0	*	*
temp_vcf4_SM_AS17.vcf	Brahy.D01G0376100.v1.1	0	0	0	0	247.833333333333	67.1666666666667	0	0	0	0	*	*	*
temp_vcf4_SM_AS17.vcf	Brahy.D01G0377900.v1.1	0	0	0	0	2161.83333333334	634.166666666666	0	0	0	0	*	*	*
temp_vcf4_SM_AS17.vcf	Brahy.D01G0381300.v1.1	0	0	2	0	1155.66666666667	410.333333333333	0	0	0.00173060282665129	0	0	*	*
temp_vcf4_SM_AS17.vcf	Brahy.D01G0383800.v1.1	0	0	0	0	943.166666666666	313.833333333333	0	0	0	0	*	*	*
temp_vcf4_SM_AS17.vcf	Brahy.D01G0384300.v1.1	0	0	0	0	545.666666666667	177.333333333333	0	0	0	0	*	*	*
temp_vcf4_SM_AS17.vcf	Brahy.D01G0384600.v1.1	0	0	0	0	740.666666666666	258.333333333334	0	0	0	0	*	*	*
temp_vcf4_SM_AS17.vcf	Brahy.D01G0387100.v1.1	0	0	0	3	871.333333333332	295.666666666667	0	0	0	0.0101465614430665	0	*	*
temp_vcf4_SM_AS17.vcf	Brahy.D01G0388300.v1.1	0	0	1	7	2002.66666666668	589.333333333333	0	0	0.000499334221038613	0.0118778280542987	0	*	*
temp_vcf4_SM_AS17.vcf	Brahy.D01G0388600.v1.1	0	0	2	1	987.666666666665	332.333333333333	0	0	0.00202497468781641	0.00300902708124373	0	*	*
temp_vcf4_SM_AS17.vcf	Brahy.D01G0388900.v1.1	0	0.4	9	38.75	4452.33333333331	1310.66666666667	0	0.000305188199389623	0.00202141199371117	0.0295651068158698	0.0078125	*	0.375
temp_vcf4_SM_AS17.vcf	Brahy.D01G0390000.v1.1	0	0	0	0	3530.49999999997	1023.50000000001	0	0	0	0	*	*	*
temp_vcf4_SM_AS17.vcf	Brahy.D01G0392600.v1.1	0	0	0	0	1923.00000000001	563.999999999999	0	0	0	0	*	*	*
temp_vcf4_SM_AS17.vcf	Brahy.D01G0392700.v1.1	0	0	0	0	686.333333333333	219.666666666667	0	0	0	0	*	*	*
temp_vcf4_SM_AS17.vcf	Brahy.D01G0395600.v1.1	0	0	3	5	1437.33333333334	440.666666666665	0	0	0.00208719851576994	0.0113464447806354	0	*	*
temp_vcf4_SM_AS17.vcf	Brahy.D01G0395700.v1.1	0	0	1	1	422.000000000001	160	0	0	0.00236966824644549	0.00625	0	*	*
temp_vcf4_SM_AS17.vcf	Brahy.D01G0396500.v1.1	0	0	0	0	529.833333333334	178.166666666667	0	0	0	0	*	*	*
temp_vcf4_SM_AS17.vcf	Brahy.D01G0397200.v1.1	0	0	0	0	505.500000000001	181.5	0	0	0	0	*	*	*
temp_vcf4_SM_AS17.vcf	Brahy.D01G0399400.v1.1	0	0	1	2	1154.5	405.499999999999	0	0	0.000866175833694241	0.00493218249075217	0	*	*
temp_vcf4_SM_AS17.vcf	Brahy.D01G0402100.v1.1	0	0	0	0	1727.16666666667	591.833333333333	0	0	0	0	*	*	*
temp_vcf4_SM_AS17.vcf	Brahy.D01G0404500.v1.1	0	0	0	0	246.333333333333	89.6666666666667	0	0	0	0	*	*	*
temp_vcf4_SM_AS17.vcf	Brahy.D01G0404800.v1.1	0	0	4	2	1045.33333333333	355.666666666666	0	0	0.0038265306122449	0.00562324273664481	0	*	*
temp_vcf4_SM_AS17.vcf	Brahy.D01G0405200.v1.1	0	0	1	1	1023.5	359.5	0	0	0.000977039570102591	0.00278164116828929	0	*	*
temp_vcf4_SM_AS17.vcf	Brahy.D01G0411400.v1.1	0	0	1	1	351.333333333334	113.666666666667	0	0	0.00284629981024668	0.00879765395894429	0	*	*
temp_vcf4_SM_AS17.vcf	Brahy.D01G0411700.v1.1	0	0	1	1	1406.5	471.499999999999	0	0	0.000710984713828652	0.00212089077412514	0	*	*
temp_vcf4_SM_AS17.vcf	Brahy.D01G0412700.v1.1	0	0	11	8	2268.66666666667	638.333333333334	0	0	0.00484866294446076	0.012532637075718	0	*	*
temp_vcf4_SM_AS17.vcf	Brahy.D01G0412800.v1.1	0	0	0	0	410.333333333334	147.666666666667	0	0	0	0	*	*	*
temp_vcf4_SM_AS17.vcf	Brahy.D01G0413300.v1.1	0	0	2	0	854.166666666666	303.833333333333	0	0	0.00234146341463415	0	0	*	*
temp_vcf4_SM_AS17.vcf	Brahy.D01G0420100.v1.1	0	0	0	1	326.666666666667	96.3333333333333	0	0	0	0.0103806228373702	0	*	*
temp_vcf4_SM_AS17.vcf	Brahy.D01G0424700.v1.1	0	0	4	3	1138.83333333333	367.166666666666	0	0	0.00351236645690034	0.00817067635043124	0	*	*
temp_vcf4_SM_AS17.vcf	Brahy.D01G0424800.v1.1	0	0	0	4	680.666666666666	225.333333333334	0	0	0	0.0177514792899408	0	*	*
temp_vcf4_SM_AS17.vcf	Brahy.D01G0429300.v1.1	0	0	0	0	461.000000000001	133	0	0	0	0	*	*	*
temp_vcf4_SM_AS17.vcf	Brahy.D01G0429800.v1.1	0	0	0	4	1040	307	0	0	0	0.013029315960912	-3	*	*
temp_vcf4_SM_AS17.vcf	Brahy.D01G0429900.v1.1	0	0	0	0	1914.83333333334	572.166666666666	0	0	0	0	*	*	*
temp_vcf4_SM_AS17.vcf	Brahy.D01G0430200.v1.1	0	0	0	10	1697.50000000001	573.499999999999	0	0	0	0.01743679163034	0	*	*
temp_vcf4_SM_AS17.vcf	Brahy.D01G0430500.v1.1	0	0	0	2	1668.33333333334	500.666666666665	0	0	0	0.00399467376830894	0	*	*
temp_vcf4_SM_AS17.vcf	Brahy.D01G0430600.v1.1	0	0	8	6	1241.66666666667	381.333333333333	0	0	0.00644295302013423	0.0157342657342658	0	*	*
temp_vcf4_SM_AS17.vcf	Brahy.D01G0434500.v1.1	0	0	0	0	1244.16666666667	408.833333333333	0	0	0	0	*	*	*
temp_vcf4_SM_AS17.vcf	Brahy.D01G0434900.v1.1	0	0	1	0	1933.83333333334	685.166666666667	0	0	0.000517107644574677	0	0	*	*
temp_vcf4_SM_AS17.vcf	Brahy.D01G0438000.v1.1	0	0	0	3	336.166666666667	113.833333333333	0	0	0	0.0263543191800878	0	*	*
temp_vcf4_SM_AS17.vcf	Brahy.D01G0441300.v1.1	0	0	1	0	1158.66666666667	344.333333333333	0	0	0.000863060989643269	0	0	*	*
temp_vcf4_SM_AS17.vcf	Brahy.D01G0443000.v1.1	0.303030303030303	0	0.166666666666667	1	1598.61111111112	519.388888888887	0.000189558486691414	0	0.000104257167680278	0.00192533960851429	0.138888888888889	0.277777777777778	*
temp_vcf4_SM_AS17.vcf	Brahy.D01G0443300.v1.1	0	0	0	0	338.833333333333	120.166666666667	0	0	0	0	*	*	*
temp_vcf4_SM_AS17.vcf	Brahy.D01G0444900.v1.1	0	0	1	2	751.833333333333	292.166666666667	0	0	0.00133008202172467	0.00684540787221905	0	*	*
temp_vcf4_SM_AS17.vcf	Brahy.D01G0448500.v1.1	0	0	0	0	350	124	0	0	0	0	*	*	*
temp_vcf4_SM_AS17.vcf	Brahy.D01G0450000.v1.1	0	0	10	10	1986.66666666667	602.333333333333	0	0	0.00503355704697985	0.0166021029330382	0	*	*
temp_vcf4_SM_AS17.vcf	Brahy.D01G0450100.v1.1	0	0	3	1	816.166666666666	254.833333333334	0	0	0.00367571982846641	0.00392413342053629	0	*	*
temp_vcf4_SM_AS17.vcf	Brahy.D01G0450800.v1.1	0	0	0	1	475.333333333334	157.666666666667	0	0	0	0.00634249471458774	0	*	*
temp_vcf4_SM_AS17.vcf	Brahy.D01G0452900.v1.1	0	0	0	0	642.5	209.5	0	0	0	0	*	*	*
temp_vcf4_SM_AS17.vcf	Brahy.D01G0454600.v1.1	0	0	0	0	1085.16666666666	333.833333333333	0	0	0	0	*	*	*
temp_vcf4_SM_AS17.vcf	Brahy.D01G0454800.v1.1	0	0	0	0	467.666666666667	171.333333333333	0	0	0	0	*	*	*
temp_vcf4_SM_AS17.vcf	Brahy.D01G0454900.v1.1	0	0	1	1	929.499999999998	297.5	0	0	0.00107584722969339	0.00336134453781513	0	*	*
temp_vcf4_SM_AS17.vcf	Brahy.D01G0455800.v1.1	0	0	0	2	2067.00000000001	645	0	0	0	0.00310077519379845	0	*	*
temp_vcf4_SM_AS17.vcf	Brahy.D01G0461300.v1.1	0	0	104.960784313725	58.0392156862745	2287	680.000000000002	0	0	0.0458945274655555	0.0853517877739329	0	*	*
temp_vcf4_SM_AS17.vcf	Brahy.D01G0461900.v1.1	0	0	4	0	2162.66666666667	636.333333333334	0	0	0.00184956843403205	0	-3	*	*
temp_vcf4_SM_AS17.vcf	Brahy.D01G0471200.v1.1	0	0	0	4	1012.66666666666	328.333333333333	0	0	0	0.0121827411167513	0	*	*
temp_vcf4_SM_AS17.vcf	Brahy.D01G0476800.v1.1	0	0	1	1	1008.16666666666	341.833333333333	0	0	0.0009918994875186	0.00292540224280839	0	*	*
temp_vcf4_SM_AS17.vcf	Brahy.D01G0478900.v1.1	0	0	2	1	1098	372	0	0	0.00182149362477231	0.00268817204301076	0	*	*
temp_vcf4_SM_AS17.vcf	Brahy.D01G0481900.v1.1	0	0	1	2	617.666666666667	234.333333333334	0	0	0.00161899622234215	0.00853485064011379	0	*	*
temp_vcf4_SM_AS17.vcf	Brahy.D01G0483500.v1.1	0	0	0	0	482.166666666667	153.833333333333	0	0	0	0	*	*	*
temp_vcf4_SM_AS17.vcf	Brahy.D01G0488400.v1.1	0	0	1	4	539	133	0	0	0.00185528756957328	0.0300751879699248	0	*	*
temp_vcf4_SM_AS17.vcf	Brahy.D01G0488700.v1.1	0	0	2	10	2119.00000000001	620	0	0	0.000943841434638977	0.0161290322580645	-3	*	*
temp_vcf4_SM_AS17.vcf	Brahy.D01G0494100.v1.1	0	0	0	0	695.5	201.5	0	0	0	0	*	*	*
temp_vcf4_SM_AS17.vcf	Brahy.D01G0494400.v1.1	0	0	0	3	455.666666666667	168.333333333333	0	0	0	0.0178217821782178	0	*	*
temp_vcf4_SM_AS17.vcf	Brahy.D01G0494500.v1.1	0	0	1	2	632.333333333333	204.666666666667	0	0	0.00158144438587243	0.00977198697068402	0	*	*
temp_vcf4_SM_AS17.vcf	Brahy.D01G0501600.v1.1	0	0	0	0	344.5	123.5	0	0	0	0	*	*	*
temp_vcf4_SM_AS17.vcf	Brahy.D01G0504600.v1.1	0	0	0	0	825.666666666666	269.333333333334	0	0	0	0	*	*	*
temp_vcf4_SM_AS17.vcf	Brahy.D01G0504900.v1.1	0	0	0	0	2557	812.000000000004	0	0	0	0	*	*	*
temp_vcf4_SM_AS17.vcf	Brahy.D01G0505600.v1.1	0.4	0.4	0	1.6	2465.6	876.400000000003	0.000162232316677482	0.000456412596987675	0	0.0018256503879507	0.32	0.32	*
temp_vcf4_SM_AS17.vcf	Brahy.D01G0506700.v1.1	0	0	0	0	3273.49999999998	1007.5	0	0	0	0	*	*	*
temp_vcf4_SM_AS17.vcf	Brahy.D01G0507500.v1.1	0	0	0	0	634.5	229.5	0	0	0	0	*	*	*
temp_vcf4_SM_AS17.vcf	Brahy.D01G0508600.v1.1	0	0	12	68	4778.83333333332	1473.16666666666	0	0	0.00251107313500506	0.0461590677678472	-15	*	*
temp_vcf4_SM_AS17.vcf	Brahy.D01G0517400.v1.1	0	0	3	1	3436.16666666665	1090.83333333334	0	0	0.000873065916476698	0.000916730328495031	0	*	*
temp_vcf4_SM_AS17.vcf	Brahy.D01G0517700.v1.1	0	0	2	1	588.833333333333	194.166666666667	0	0	0.00339654684404189	0.00515021459227467	0	*	*
temp_vcf4_SM_AS17.vcf	Brahy.D01G0518000.v1.1	0	0	4	1	1080.83333333333	302.166666666667	0	0	0.00370084811102545	0.00330943188086045	0	*	*
temp_vcf4_SM_AS17.vcf	Brahy.D01G0519200.v1.1	0	0	1	3	421.666666666667	154.333333333333	0	0	0.00237154150197628	0.019438444924406	0	*	*
temp_vcf4_SM_AS17.vcf	Brahy.D01G0519300.v1.1	0	0	0	0	567.333333333334	188.666666666667	0	0	0	0	*	*	*
temp_vcf4_SM_AS17.vcf	Brahy.D01G0519500.v1.1	0	0	0	1	389.666666666667	129.333333333333	0	0	0	0.0077319587628866	0	*	*
temp_vcf4_SM_AS17.vcf	Brahy.D01G0520300.v1.1	0	0	0	0	493.000000000001	158	0	0	0	0	*	*	*
temp_vcf4_SM_AS17.vcf	Brahy.D01G0520600.v1.1	0	0	2	0	560.666666666667	192.333333333333	0	0	0.00356718192627824	0	0	*	*
temp_vcf4_SM_AS17.vcf	Brahy.D01G0520700.v1.1	0	0	14	6	7590.50000000009	2189.49999999998	0	0	0.00184441077662866	0.00274035167846543	-3	*	*
temp_vcf4_SM_AS17.vcf	Brahy.D01G0521500.v1.1	0	0	1	0	991.333333333332	298.666666666667	0	0	0.00100874243443174	0	0	*	*
temp_vcf4_SM_AS17.vcf	Brahy.D01G0525600.v1.1	0	0	0	2	774.833333333332	275.166666666667	0	0	0	0.00726832222895214	0	*	*
temp_vcf4_SM_AS17.vcf	Brahy.D01G0526100.v1.1	0	0	0	3	1091.33333333333	357.666666666666	0	0	0	0.00838769804287047	0	*	*
temp_vcf4_SM_AS17.vcf	Brahy.D01G0528000.v1.1	0	0	0	0	281.5	93.5	0	0	0	0	*	*	*
temp_vcf4_SM_AS17.vcf	Brahy.D01G0528200.v1.1	0	0	2	0	777.499999999999	263.5	0	0	0.00257234726688103	0	0	*	*
temp_vcf4_SM_AS17.vcf	Brahy.D01G0529000.v1.1	0	0	15	110	10002.6666666667	2510.33333333332	0	0	0.00149960010663823	0.0438188819545879	-24	*	*
temp_vcf4_SM_AS17.vcf	Brahy.D01G0539500.v1.1	0	0	5	1	676.833333333333	229.166666666667	0	0	0.00738734301896086	0.00436363636363636	0	*	*
temp_vcf4_SM_AS17.vcf	Brahy.D01G0540100.v1.1	0	0	0	1	542.666666666667	189.333333333334	0	0	0	0.00528169014084506	0	*	*
temp_vcf4_SM_AS17.vcf	Brahy.D01G0547700.v1.1	0	0	12	19	3370.99999999998	958.000000000006	0	0	0.003559774547612	0.0198329853862212	-2.82352941176471	*	*
temp_vcf4_SM_AS17.vcf	Brahy.D01G0552200.v1.1	0	0	4	1	1953.50000000001	596.499999999999	0	0	0.00204760685948297	0.00167644593461861	0	*	*
temp_vcf4_SM_AS17.vcf	Brahy.D01G0552500.v1.1	0.45021645021645	0.0248445422961259	0.333333333333333	1.98749401782746	554.336076030106	186.663923969894	0.000812172380049101	0.000133097717907896	0.000601319935228661	0.0106474458243362	0.156428135043841	0.444444444444444	0.0124199803435391
temp_vcf4_SM_AS17.vcf	Brahy.D01G0553100.v1.1	0	0	8	5	1559.83333333334	522.166666666665	0	0	0.00512875307190938	0.00957548675391002	0	*	*
temp_vcf4_SM_AS17.vcf	Brahy.D01G0553600.v1.1	0	0	0	3	591.166666666667	221.833333333334	0	0	0	0.0135236664162284	0	*	*
temp_vcf4_SM_AS17.vcf	Brahy.D01G0554200.v1.1	0	0	0	1	953.333333333332	318.666666666667	0	0	0	0.00313807531380753	0	*	*
temp_vcf4_SM_AS17.vcf	Brahy.D01G0554400.v1.1	0	0	4	4	822.166666666666	326.833333333333	0	0	0.00486519359416177	0.0122386537480877	0	*	*
temp_vcf4_SM_AS17.vcf	Brahy.D01G0558400.v1.1	0	0	3	3	1087.5	313.5	0	0	0.00275862068965518	0.00956937799043063	0	*	*
temp_vcf4_SM_AS17.vcf	Brahy.D01G0558600.v1.1	0	0	0	3	1191	392.999999999999	0	0	0	0.00763358778625955	0	*	*
temp_vcf4_SM_AS17.vcf	Brahy.D01G0559500.v1.1	0	0	2	1	877.833333333332	271.166666666667	0	0	0.00227833681412569	0.00368776889981561	0	*	*
temp_vcf4_SM_AS17.vcf	Brahy.D01G0561500.v1.1	0	0	2	0	948.333333333332	305.666666666667	0	0	0.00210896309314587	0	0	*	*
temp_vcf4_SM_AS17.vcf	Brahy.D01G0564600.v1.1	0	0	0	0	193.5	64.5	0	0	0	0	*	*	*
temp_vcf4_SM_AS17.vcf	Brahy.D01G0568000.v1.1	0	0	5	0	562.166666666667	208.833333333333	0	0	0.00889415950192707	0	0	*	*
temp_vcf4_SM_AS17.vcf	Brahy.D01G0568100.v1.1	0	0	5	3	657.333333333333	230.666666666667	0	0	0.00760649087221096	0.0130057803468208	0	*	*
temp_vcf4_SM_AS17.vcf	Brahy.D01G0568500.v1.1	0	0	14	4	3868.33333333332	1336.66666666667	0	0	0.00361912968548041	0.0029925187032419	-2.72727272727273	*	*
temp_vcf4_SM_AS17.vcf	Brahy.D01G0568600.v1.1	0	0	8	12	4750.83333333333	1405.16666666666	0	0	0.00168391510261358	0.00853991222867989	-3	*	*
temp_vcf4_SM_AS17.vcf	Brahy.D01G0569300.v1.1	5.52177566438918	2.47298361601767	9.36877544826751	2.03064451738567	1960.3106211137	595.689378886307	0.00281678607712288	0.00415146501460397	0.00477923006046097	0.00340889831069699	0.389340603532761	0.489299154938372	0.480904273266625
temp_vcf4_SM_AS17.vcf	Brahy.D01G0573300.v1.1	0	0	0	3	1155.33333333333	356.666666666666	0	0	0	0.00841121495327104	0	*	*
temp_vcf4_SM_AS17.vcf	Brahy.D01G0573500.v1.1	0	0	2	2	1467.66666666667	443.333333333332	0	0	0.00136270724506018	0.00451127819548874	0	*	*
temp_vcf4_SM_AS17.vcf	Brahy.D01G0574300.v1.1	0	0	1	1	2305.33333333333	739.666666666669	0	0	0.000433776749566223	0.00135196034249662	0	*	*
temp_vcf4_SM_AS17.vcf	Brahy.D01G0574500.v1.1	0	0	0	0	461.5	156.5	0	0	0	0	*	*	*
temp_vcf4_SM_AS17.vcf	Brahy.D01G0574700.v1.1	0	0	0	0	1319.5	411.499999999999	0	0	0	0	*	*	*
temp_vcf4_SM_AS17.vcf	Brahy.D01G0576200.v1.1	0	0	0	0	3440.99999999999	1095.00000000001	0	0	0	0	*	*	*
temp_vcf4_SM_AS17.vcf	Brahy.D01G0579300.v1.1	0	0	0	0	338	124	0	0	0	0	*	*	*
temp_vcf4_SM_AS17.vcf	Brahy.D01G0580200.v1.1	0	0	1	0	1101.16666666667	398.833333333333	0	0	0.000908127743302559	0	0	*	*
temp_vcf4_SM_AS17.vcf	Brahy.D01G0580700.v1.1	0	0	0	0	1088.33333333333	372.666666666666	0	0	0	0	*	*	*
temp_vcf4_SM_AS17.vcf	Brahy.D01G0580900.v1.1	0	0	2	0	1093.5	379.499999999999	0	0	0.00182898948331047	0	0	*	*
temp_vcf4_SM_AS17.vcf	Brahy.D01G0581200.v1.1	0	0	0	0	639.333333333333	236.666666666667	0	0	0	0	*	*	*
temp_vcf4_SM_AS17.vcf	Brahy.D01G0581400.v1.1	0	0	1	1	3689.83333333331	1119.16666666667	0	0	0.000271014950991465	0.000893521965748321	0	*	*
temp_vcf4_SM_AS17.vcf	Brahy.D01G0583100.v1.1	0	0	0	0	407.333333333334	135.666666666667	0	0	0	0	*	*	*
temp_vcf4_SM_AS17.vcf	Brahy.D01G0583600.v1.1	0	0	0	0	575.5	177.5	0	0	0	0	*	*	*
temp_vcf4_SM_AS17.vcf	Brahy.D01G0584000.v1.1	0	0	0	0	322.333333333333	109.666666666667	0	0	0	0	*	*	*
temp_vcf4_SM_AS17.vcf	Brahy.D01G0587300.v1.1	0	0	13	4	1670	513.999999999999	0	0	0.00778443113772454	0.00778210116731519	0	*	*
temp_vcf4_SM_AS17.vcf	Brahy.D01G0587400.v1.1	0	0	1	2	1525.66666666667	508.333333333331	0	0	0.000655451168887917	0.00393442622950821	0	*	*
temp_vcf4_SM_AS17.vcf	Brahy.D01G0587600.v1.1	0	0	1	5	1283	402.999999999999	0	0	0.000779423226812159	0.0124069478908189	0	*	*
temp_vcf4_SM_AS17.vcf	Brahy.D01G0591000.v1.1	0	0	0	1	471.833333333334	155.166666666667	0	0	0	0.00644468313641246	0	*	*
temp_vcf4_SM_AS17.vcf	Brahy.D01G0593200.v1.1	0	0.209150326797386	0	0.888888888888889	1024.33333333333	343.666666666667	0	0.00060858485004089	0	0.00258648561267378	0.197530864197531	*	0.197530864197531
temp_vcf4_SM_AS17.vcf	Brahy.D01G0598300.v1.1	0	0	0	1	669.5	236.5	0	0	0	0.00422832980972516	0	*	*
temp_vcf4_SM_AS17.vcf	Brahy.D01G0601400.v1.1	0	0	2	1	315	105	0	0	0.00634920634920635	0.00952380952380953	0	*	*
temp_vcf4_SM_AS17.vcf	Brahy.D01G0601500.v1.1	0	0	0	0	799.666666666666	235.333333333334	0	0	0	0	*	*	*
temp_vcf4_SM_AS17.vcf	Brahy.D01G0602100.v1.1	0	0	0	0	779.666666666666	276.333333333333	0	0	0	0	*	*	*
temp_vcf4_SM_AS17.vcf	Brahy.D01G0604000.v1.1	0	0	0	1	768.999999999999	281	0	0	0	0.00355871886120996	0	*	*
temp_vcf4_SM_AS17.vcf	Brahy.D01G0604200.v1.1	0	0	0	0	707.666666666666	270.333333333334	0	0	0	0	*	*	*
temp_vcf4_SM_AS17.vcf	Brahy.D01G0608100.v1.1	0	0	0	1	853.166666666666	280.833333333333	0	0	0	0.00356083086053412	0	*	*
temp_vcf4_SM_AS17.vcf	Brahy.D01G0610000.v1.1	0	0	1	1	920.999999999998	294	0	0	0.00108577633007601	0.00340136054421768	0	*	*
temp_vcf4_SM_AS17.vcf	Brahy.D01G0614400.v1.1	0	0	24	40	15091.6666666659	4570.33333333338	0	0	0.00159028161236894	0.00875209685653846	-63	*	*
temp_vcf4_SM_AS17.vcf	Brahy.D01G0616700.v1.1	0	0	1	0	875.999999999999	297	0	0	0.00114155251141553	0	0	*	*
temp_vcf4_SM_AS17.vcf	Brahy.D01G0616900.v1.1	0	0	5	6	2223	711.000000000002	0	0	0.00224921277552856	0.00843881856540082	0	*	*
temp_vcf4_SM_AS17.vcf	Brahy.D01G0618700.v1.1	0	0	1	2	256.833333333333	100.166666666667	0	0	0.00389357560025957	0.0199667221297837	0	*	*
temp_vcf4_SM_AS17.vcf	Brahy.D01G0621500.v1.1	0	0	4	8	608.333333333333	195.666666666667	0	0	0.00657534246575343	0.0408858603066439	-3	*	*
temp_vcf4_SM_AS17.vcf	Brahy.D01G0621700.v1.1	0	0	0	2	556.666666666667	163.333333333333	0	0	0	0.0122448979591837	0	*	*
temp_vcf4_SM_AS17.vcf	Brahy.D01G0626900.v1.1	0	0	1	0	1215.66666666667	404.333333333333	0	0	0.000822593912805045	0	0	*	*
temp_vcf4_SM_AS17.vcf	Brahy.D01G0628300.v1.1	0	0	0	4	962.666666666665	351.333333333333	0	0	0	0.0113851992409867	0	*	*
temp_vcf4_SM_AS17.vcf	Brahy.D01G0630400.v1.1	0	0	0	0	864.666666666665	299.333333333334	0	0	0	0	*	*	*
temp_vcf4_SM_AS17.vcf	Brahy.D01G0632200.v1.1	0	0	0	0	119.333333333333	33.6666666666667	0	0	0	0	*	*	*
temp_vcf4_SM_AS17.vcf	Brahy.D01G0632700.v1.1	0.840115503942175	0.1214588520288	4.51933636689171	0.935233160621762	904.106216819155	286.893783180844	0.000929222129339943	0.000423358257129742	0.00499867856543641	0.00325985857989901	0.159472819770314	0.1671385453663	0.121144191790384
temp_vcf4_SM_AS17.vcf	Brahy.D01G0632900.v1.1	0	0	0	0	216.666666666667	68.3333333333333	0	0	0	0	*	*	*
temp_vcf4_SM_AS17.vcf	Brahy.D01G0634300.v1.1	0	0	0	0	484.666666666667	160.333333333333	0	0	0	0	*	*	*
temp_vcf4_SM_AS17.vcf	Brahy.D01G0639300.v1.1	0	0	1	1	819.999999999999	251	0	0	0.00121951219512195	0.00398406374501991	0	*	*
temp_vcf4_SM_AS17.vcf	Brahy.D01G0644000.v1.1	0	0	3	1	410.5	138.5	0	0	0.00730816077953715	0.00722021660649819	0	*	*
temp_vcf4_SM_AS17.vcf	Brahy.D01G0646000.v1.1	0	0	1	0	580.166666666667	196.833333333333	0	0	0.00172364263142775	0	0	*	*
temp_vcf4_SM_AS17.vcf	Brahy.D01G0646100.v1.1	0	0	1	0	632	214	0	0	0.00158227848101266	0	0	*	*
temp_vcf4_SM_AS17.vcf	Brahy.D01G0650300.v1.1	0	0	0	0	255	78	0	0	0	0	*	*	*
temp_vcf4_SM_AS17.vcf	Brahy.D01G0652000.v1.1	0	0	78	72	11610.6666666664	3080.33333333341	0	0	0.00671796049609567	0.023374093712801	-8	*	*
temp_vcf4_SM_AS17.vcf	Brahy.D01G0652300.v1.1	0	0	8	32	6779.66666666675	1902.33333333331	0	0	0.00117999901666747	0.0168214473453656	-3	*	*
temp_vcf4_SM_AS17.vcf	Brahy.D01G0652900.v1.1	0	0	8	3	2144.33333333334	657.666666666667	0	0	0.00373076325198195	0.00456158134820071	0	*	*
temp_vcf4_SM_AS17.vcf	Brahy.D01G0655300.v1.1	0	0	0	0	784.333333333333	262.666666666667	0	0	0	0	*	*	*
temp_vcf4_SM_AS17.vcf	Brahy.D01G0658600.v1.1	0	0	0	0	903.833333333332	269.166666666667	0	0	0	0	*	*	*
temp_vcf4_SM_AS17.vcf	Brahy.D01G0660000.v1.1	0	0	2	2	809.333333333332	258.666666666667	0	0	0.00247116968698518	0.00773195876288658	0	*	*
temp_vcf4_SM_AS17.vcf	Brahy.D01G0660100.v1.1	0	0	4	2	852.499999999999	269.5	0	0	0.00469208211143696	0.00742115027829313	0	*	*
temp_vcf4_SM_AS17.vcf	Brahy.D01G0664900.v1.1	0	0	1	0	525.000000000001	174	0	0	0.0019047619047619	0	0	*	*
temp_vcf4_SM_AS17.vcf	Brahy.D01G0666300.v1.1	0	0	4	3	1699	542	0	0	0.00235432607416127	0.00553505535055351	0	*	*
temp_vcf4_SM_AS17.vcf	Brahy.D01G0667600.v1.1	0	0	0	1	815.499999999999	300.5	0	0	0	0.00332778702163062	0	*	*
temp_vcf4_SM_AS17.vcf	Brahy.D01G0668500.v1.1	0	0	0	0	931.999999999999	319	0	0	0	0	*	*	*
temp_vcf4_SM_AS17.vcf	Brahy.D01G0669000.v1.1	0	0	1	2	1579.33333333334	517.666666666666	0	0	0.00063317855635289	0.00386349001931746	0	*	*
temp_vcf4_SM_AS17.vcf	Brahy.D01G0670700.v1.1	0	0	4	0	826.833333333332	292.166666666667	0	0	0.00483773432775651	0	0	*	*
temp_vcf4_SM_AS17.vcf	Brahy.D01G0671000.v1.1	0	0	3	6	2233.5	712.500000000001	0	0	0.00134318334452653	0.00842105263157893	0	*	*
temp_vcf4_SM_AS17.vcf	Brahy.D01G0671200.v1.1	0	0	1	1	1227.33333333333	404.666666666666	0	0	0.000814774579033134	0.00247116968698518	0	*	*
temp_vcf4_SM_AS17.vcf	Brahy.D01G0672700.v1.1	0	0	0	1	1580.83333333334	549.166666666666	0	0	0	0.00182094081942337	0	*	*
temp_vcf4_SM_AS17.vcf	Brahy.D01G0673300.v1.1	0	0	0	0	193.5	58.5	0	0	0	0	*	*	*
temp_vcf4_SM_AS17.vcf	Brahy.D01G0675400.v1.1	0	0	3	0	2374.83333333334	739.166666666669	0	0	0.00126324654361709	0	0	*	*
temp_vcf4_SM_AS17.vcf	Brahy.D01G0675900.v1.1	0	0	0	0	1356.5	440.499999999999	0	0	0	0	*	*	*
temp_vcf4_SM_AS17.vcf	Brahy.D01G0676100.v1.1	0	0	1	0	1328	450.999999999999	0	0	0.00075301204819277	0	0	*	*
temp_vcf4_SM_AS17.vcf	Brahy.D01G0677200.v1.1	0	0	2	6	1208.66666666667	387.333333333333	0	0	0.00165471594043023	0.0154905335628227	0	*	*
temp_vcf4_SM_AS17.vcf	Brahy.D01G0679000.v1.1	0	0	0	2	469.833333333334	154.166666666667	0	0	0	0.012972972972973	0	*	*
temp_vcf4_SM_AS17.vcf	Brahy.D01G0682000.v1.1	0	0.209150326797386	4	3.88888888888889	914.333333333332	312.666666666667	0	0.000668924286132364	0.004374772147284	0.0124378109452736	0.0246913580246914	*	0.197530864197531
temp_vcf4_SM_AS17.vcf	Brahy.D01G0682800.v1.1	0	0	1	5	1131.66666666667	386.333333333333	0	0	0.000883652430044183	0.0129421915444349	0	*	*
temp_vcf4_SM_AS17.vcf	Brahy.D01G0686400.v1.1	0	0	0	0	790.499999999999	256.5	0	0	0	0	*	*	*
temp_vcf4_SM_AS17.vcf	Brahy.D01G0687700.v1.1	0	0	10	20	1666.5	502.499999999998	0	0	0.00600060006000599	0.0398009950248757	0	*	*
temp_vcf4_SM_AS17.vcf	Brahy.D01G0689700.v1.1	0	0	0	0	153.833333333333	56.1666666666667	0	0	0	0	*	*	*
temp_vcf4_SM_AS17.vcf	Brahy.D01G0693600.v1.1	0	0	0	0	1026.83333333333	314.166666666667	0	0	0	0	*	*	*
temp_vcf4_SM_AS17.vcf	Brahy.D01G0696000.v1.1	0	0	0	0	291	90	0	0	0	0	*	*	*
temp_vcf4_SM_AS17.vcf	Brahy.D01G0696200.v1.1	0	0	0	0	1682	540.999999999999	0	0	0	0	*	*	*
temp_vcf4_SM_AS17.vcf	Brahy.D01G0704000.v1.1	0	0	2	3	1180	427.999999999999	0	0	0.00169491525423729	0.00700934579439254	0	*	*
temp_vcf4_SM_AS17.vcf	Brahy.D01G0705000.v1.1	0	0.0952380952380953	2	3.95238095238095	2237.16666666667	690.833333333335	0	0.000137859727727038	0.000893987931162929	0.00572117870067205	0.0151171579743008	*	0.090702947845805
temp_vcf4_SM_AS17.vcf	Brahy.D01G0705400.v1.1	0	0	1	2	1044.66666666666	371.333333333333	0	0	0.0009572431397575	0.00538599640933574	0	*	*
temp_vcf4_SM_AS17.vcf	Brahy.D01G0708500.v1.1	0	0	0	1	1184.5	351.499999999999	0	0	0	0.00284495021337127	0	*	*
temp_vcf4_SM_AS17.vcf	Brahy.D01G0714800.v1.1	0	0	0	1	1967.66666666667	555.333333333332	0	0	0	0.00180072028811525	0	*	*
temp_vcf4_SM_AS17.vcf	Brahy.D01G0715800.v1.1	0	0	0	1	1220.66666666667	411.333333333333	0	0	0	0.00243111831442464	0	*	*
temp_vcf4_SM_AS17.vcf	Brahy.D01G0722500.v1.1	0	0	6	3	4886.5	1701.49999999999	0	0	0.00122787271052901	0.00176315016162211	-8	*	*
temp_vcf4_SM_AS17.vcf	Brahy.D01G0723600.v1.1	0	0	1	0	880	296	0	0	0.00113636363636364	0	0	*	*
temp_vcf4_SM_AS17.vcf	Brahy.D01G0725700.v1.1	0	0	0	0	359.333333333333	108.666666666667	0	0	0	0	*	*	*
temp_vcf4_SM_AS17.vcf	Brahy.D01G0730100.v1.1	0	0	4	5	1517.16666666667	492.833333333331	0	0	0.00263649346369328	0.0101454176530268	0	*	*
temp_vcf4_SM_AS17.vcf	Brahy.D01G0731000.v1.1	0	0	0	2	2488.33333333334	760.666666666667	0	0	0	0.00262927256792287	0	*	*
temp_vcf4_SM_AS17.vcf	Brahy.D01G0733400.v1.1	0	0	0	0	521.833333333334	150.166666666667	0	0	0	0	*	*	*
temp_vcf4_SM_AS17.vcf	Brahy.D01G0737500.v1.1	0	0	0	0	499.833333333334	151.166666666667	0	0	0	0	*	*	*
temp_vcf4_SM_AS17.vcf	Brahy.D01G0738400.v1.1	0	0	0	1	1291.66666666667	436.333333333333	0	0	0	0.00229182582123759	0	*	*
temp_vcf4_SM_AS17.vcf	Brahy.D01G0738900.v1.1	0	0	0	0	1223	387.999999999999	0	0	0	0	*	*	*
temp_vcf4_SM_AS17.vcf	Brahy.D01G0742000.v1.1	0.0540540540540539	0	3.97297297297297	3	2343.83333333333	788.166666666669	2.30622430721982e-05	0	0.00169507486580657	0.00380630154366673	0.0075133048106021	0.0525931336742147	*
temp_vcf4_SM_AS17.vcf	Brahy.D01G0742500.v1.1	0	0	1	1	1597.83333333334	520.166666666665	0	0	0.000625847501825387	0.0019224607497597	0	*	*
temp_vcf4_SM_AS17.vcf	Brahy.D01G0743200.v1.1	0	0	5	45	11072.3333333332	2928.66666666671	0	0	0.000451576000240847	0.0153653539722283	-24	*	*
temp_vcf4_SM_AS17.vcf	Brahy.D01G0743500.v1.1	0	0	15	3	273.5	80.5	0	0	0.0548446069469836	0.0372670807453416	0	*	*
temp_vcf4_SM_AS17.vcf	Brahy.D01G0743600.v1.1	0	0	0	0	269.5	84.5	0	0	0	0	*	*	*
temp_vcf4_SM_AS17.vcf	Brahy.D01G0743900.v1.1	0	0	0	0	171.666666666667	59.3333333333333	0	0	0	0	*	*	*
temp_vcf4_SM_AS17.vcf	Brahy.D01G0745400.v1.1	0	0	1	2	1012	308	0	0	0.00098814229249012	0.00649350649350649	0	*	*
temp_vcf4_SM_AS17.vcf	Brahy.D01G0746900.v1.1	0	0	0	18	8507.33333333353	2529.66666666667	0	0	0	0.00711556199762813	-8	*	*
temp_vcf4_SM_AS17.vcf	Brahy.D01G0748600.v1.1	0	0	0	1	734.166666666666	258.833333333334	0	0	0	0.00386349001931745	0	*	*
temp_vcf4_SM_AS17.vcf	Brahy.D01G0751700.v1.1	0	0	0	0	411.666666666667	152.333333333333	0	0	0	0	*	*	*
temp_vcf4_SM_AS17.vcf	Brahy.D01G0751800.v1.1	0	0	0	0	373.833333333334	139.166666666667	0	0	0	0	*	*	*
temp_vcf4_SM_AS17.vcf	Brahy.D01G0753300.v1.1	0	0	4	0	1610.66666666667	474.333333333332	0	0	0.00248344370860927	0	0	*	*
temp_vcf4_SM_AS17.vcf	Brahy.D01G0753700.v1.1	10.2493142535949	18.8707286802584	11.7839052536714	22.9447700643159	1093.87533724831	373.124662751686	0.00936972788816821	0.0505748629455159	0.0107726217535119	0.0614935766912453	0.457505111511004	0.453354816458002	0.459787773790155
temp_vcf4_SM_AS17.vcf	Brahy.D01G0754200.v1.1	0	0	10	6	3580.33333333331	1054.66666666667	0	0	0.0027930360301648	0.00568900126422248	-3	*	*
temp_vcf4_SM_AS17.vcf	Brahy.D01G0754500.v1.1	0	0	4	12	2689.33333333333	790.66666666667	0	0	0.0014873574615766	0.0151770657672849	-3	*	*
temp_vcf4_SM_AS17.vcf	Brahy.D01G0757000.v1.1	0	0	0	1	445.166666666667	136.833333333333	0	0	0	0.00730816077953715	0	*	*
temp_vcf4_SM_AS17.vcf	Brahy.D01G0760100.v1.1	0	0	2	0	531.166666666667	200.833333333333	0	0	0.00376529651710072	0	0	*	*
temp_vcf4_SM_AS17.vcf	Brahy.D01G0761600.v1.1	0	0	1	0	840.666666666666	278.333333333333	0	0	0.00118953211736717	0	0	*	*
temp_vcf4_SM_AS17.vcf	Brahy.D01G0763200.v1.1	0	0	0	4	2046.16666666667	653.833333333334	0	0	0	0.0061177670150395	0	*	*
temp_vcf4_SM_AS17.vcf	Brahy.D01G0766700.v1.1	0	0	6	9	2464.33333333334	769.666666666669	0	0	0.00243473556066549	0.0116933737548722	0	*	*
temp_vcf4_SM_AS17.vcf	Brahy.D01G0767700.v1.1	0	0	2	0	2336.16666666667	852.833333333336	0	0	0.000856103303131909	0	0	*	*
temp_vcf4_SM_AS17.vcf	Brahy.D01G0768900.v1.1	0	0	2	6	2200.00000000001	827.000000000003	0	0	0.000909090909090907	0.0072551390568319	-3	*	*
temp_vcf4_SM_AS17.vcf	Brahy.D01G0770000.v1.1	0	0	0	0	2157.16666666667	674.833333333334	0	0	0	0	*	*	*
temp_vcf4_SM_AS17.vcf	Brahy.D01G0770300.v1.1	0	0	0	0	668.166666666666	270.833333333334	0	0	0	0	*	*	*
temp_vcf4_SM_AS17.vcf	Brahy.D01G0772300.v1.1	0	0	1	0	2208.66666666667	677.333333333334	0	0	0.000452761847268336	0	0	*	*
temp_vcf4_SM_AS17.vcf	Brahy.D01G0773000.v1.1	0	0	0	0	763.166666666665	271.833333333334	0	0	0	0	*	*	*
temp_vcf4_SM_AS17.vcf	Brahy.D01G0773800.v1.1	0	0	1	0	606.333333333334	218.666666666667	0	0	0.00164925783397471	0	0	*	*
temp_vcf4_SM_AS17.vcf	Brahy.D01G0774300.v1.1	0	0	1	0	1310.16666666667	390.833333333332	0	0	0.00076326167154306	0	0	*	*
temp_vcf4_SM_AS17.vcf	Brahy.D01G0775500.v1.1	0	0	0	1	1076.5	399.499999999999	0	0	0	0.00250312891113893	0	*	*
temp_vcf4_SM_AS17.vcf	Brahy.D01G0777700.v1.1	0	0	0	0	834.499999999999	308.5	0	0	0	0	*	*	*
temp_vcf4_SM_AS17.vcf	Brahy.D01G0778100.v1.1	0	0	1	0	628.5	214.5	0	0	0.00159108989657916	0	0	*	*
temp_vcf4_SM_AS17.vcf	Brahy.D01G0779600.v1.1	0	0	0	0	165.333333333333	56.6666666666667	0	0	0	0	*	*	*
temp_vcf4_SM_AS17.vcf	Brahy.D01G0780500.v1.1	0	0	2	2	661.333333333333	214.666666666667	0	0	0.0030241935483871	0.00931677018633539	0	*	*
temp_vcf4_SM_AS17.vcf	Brahy.D01G0781800.v1.1	0	0	0	0	2924	961.000000000002	0	0	0	0	*	*	*
temp_vcf4_SM_AS17.vcf	Brahy.D01G0782500.v1.1	0	0	1	1	362	127	0	0	0.00276243093922652	0.0078740157480315	0	*	*
temp_vcf4_SM_AS17.vcf	Brahy.D01G0783200.v1.1	0	0	0	0	377.666666666667	111.333333333333	0	0	0	0	*	*	*
temp_vcf4_SM_AS17.vcf	Brahy.D01G0783300.v1.1	0	0	0	0	269.5	93.5	0	0	0	0	*	*	*
temp_vcf4_SM_AS17.vcf	Brahy.D01G0783500.v1.1	0	0	0	0	371.666666666667	126.333333333333	0	0	0	0	*	*	*
temp_vcf4_SM_AS17.vcf	Brahy.D01G0787000.v1.1	0	0	0	0	350.166666666667	102.833333333333	0	0	0	0	*	*	*
temp_vcf4_SM_AS17.vcf	Brahy.D01G0794100.v1.1	0	0	1	0	835.666666666666	280.333333333334	0	0	0.00119664938173115	0	0	*	*
temp_vcf4_SM_AS17.vcf	Brahy.D01G0794300.v1.1	0	0	0	1	871.166666666666	274.833333333334	0	0	0	0.00363856882959369	0	*	*
temp_vcf4_SM_AS17.vcf	Brahy.D01G0797500.v1.1	0	0	1	1	1298	483.999999999999	0	0	0.000770416024653312	0.00206611570247934	0	*	*
temp_vcf4_SM_AS17.vcf	Brahy.D01G0799800.v1.1	0	0	2	2	1350.83333333334	458.166666666665	0	0	0.00148056755089451	0.00436522371771555	0	*	*
temp_vcf4_SM_AS17.vcf	Brahy.D01G0804200.v1.1	0	0	0	0	482.666666666667	147.333333333333	0	0	0	0	*	*	*
temp_vcf4_SM_AS17.vcf	Brahy.D01G0804300.v1.1	0	0	0	0	241.166666666667	82.8333333333333	0	0	0	0	*	*	*
temp_vcf4_SM_AS17.vcf	Brahy.D01G0808400.v1.1	0	0	0	1	774.499999999999	224.5	0	0	0	0.00445434298440979	0	*	*
temp_vcf4_SM_AS17.vcf	Brahy.D01G0809700.v1.1	0	0	3	6	1170.16666666667	368.833333333333	0	0	0.00256373735935052	0.0162675101671939	0	*	*
temp_vcf4_SM_AS17.vcf	Brahy.D01G0810200.v1.1	0	0	1	1	457.666666666667	157.333333333333	0	0	0.0021849963583394	0.00635593220338984	0	*	*
temp_vcf4_SM_AS17.vcf	Brahy.D01G0812600.v1.1	0	0	0	16	5016.66666666666	1496.33333333333	0	0	0	0.0106928046335487	-3	*	*
temp_vcf4_SM_AS17.vcf	Brahy.D01G0814400.v1.1	0	0	0	0	457	155	0	0	0	0	*	*	*
temp_vcf4_SM_AS17.vcf	Brahy.D01G0814500.v1.1	0	0	1	2	2350.16666666667	697.833333333334	0	0	0.000425501737465428	0.00286601385240028	0	*	*
temp_vcf4_SM_AS17.vcf	Brahy.D01G0818900.v1.1	0	0	0	0	410.333333333334	138.666666666667	0	0	0	0	*	*	*
temp_vcf4_SM_AS17.vcf	Brahy.D01G0819600.v1.1	0	0	0	0	666.666666666667	236.333333333333	0	0	0	0	*	*	*
temp_vcf4_SM_AS17.vcf	Brahy.D01G0820700.v1.1	0	0	1	1	1019.83333333333	336.166666666666	0	0	0.000980552377839519	0.0029747149231532	0	*	*
temp_vcf4_SM_AS17.vcf	Brahy.D01G0825900.v1.1	0	0	0	0	1152.16666666667	425.833333333332	0	0	0	0	*	*	*
temp_vcf4_SM_AS17.vcf	Brahy.D01G0829200.v1.1	0	0	0	0	3680.33333333332	1185.66666666667	0	0	0	0	*	*	*
temp_vcf4_SM_AS17.vcf	Brahy.D01G0830100.v1.1	0	0	77	234	38425.3333333338	11536.6666666675	0	0	0.0020038863249939	0.0202831551574676	-43.5849056603774	*	*
temp_vcf4_SM_AS17.vcf	Brahy.D01G0830800.v1.1	0	0	1	1	1631.16666666667	516.833333333332	0	0	0.000613058138346785	0.00193485972267011	0	*	*
temp_vcf4_SM_AS17.vcf	Brahy.D01G0833500.v1.1	0	0	2	3	1055	348.999999999999	0	0	0.0018957345971564	0.00859598853868196	0	*	*
temp_vcf4_SM_AS17.vcf	Brahy.D01G0834100.v1.1	0	0	3	0	697.166666666666	217.833333333334	0	0	0.00430313172364332	0	0	*	*
temp_vcf4_SM_AS17.vcf	Brahy.D01G0835400.v1.1	0	0	0	0	805.999999999999	241	0	0	0	0	*	*	*
temp_vcf4_SM_AS17.vcf	Brahy.D01G0836300.v1.1	0	0	0	0	808.333333333332	256.666666666667	0	0	0	0	*	*	*
temp_vcf4_SM_AS17.vcf	Brahy.D01G0836400.v1.1	0	0	2	4	819.166666666666	263.833333333334	0	0	0.00244150559511699	0.0151610865445357	0	*	*
temp_vcf4_SM_AS17.vcf	Brahy.D01G0842900.v1.1	0	0	0	0	610.5	205.5	0	0	0	0	*	*	*
temp_vcf4_SM_AS17.vcf	Brahy.D01G0843400.v1.1	0	0	0	1	708	264	0	0	0	0.00378787878787879	0	*	*
temp_vcf4_SM_AS17.vcf	Brahy.D01G0845100.v1.1	0	0	4	0	678.666666666666	203.333333333334	0	0	0.00589390962671906	0	0	*	*
temp_vcf4_SM_AS17.vcf	Brahy.D01G0848600.v1.1	0	0	0	0	2252.66666666667	639.333333333334	0	0	0	0	*	*	*
temp_vcf4_SM_AS17.vcf	Brahy.D01G0856300.v1.1	0	0	1	4	2050.50000000001	643.500000000001	0	0	0.00048768593026091	0.0062160062160062	0	*	*
temp_vcf4_SM_AS17.vcf	Brahy.D01G0856800.v1.1	0	0	2	1	1226.83333333333	504.166666666666	0	0	0.00163021328623828	0.00198347107438017	0	*	*
temp_vcf4_SM_AS17.vcf	Brahy.D01G0858100.v1.1	0	0	2	4	2190.16666666667	656.833333333335	0	0	0.000913172513507342	0.00608982491753361	-3	*	*
temp_vcf4_SM_AS17.vcf	Brahy.D01G0858700.v1.1	0	0	0	4	895.333333333332	313.666666666667	0	0	0	0.0127523910733262	0	*	*
temp_vcf4_SM_AS17.vcf	Brahy.D01G0858900.v1.1	0	0	0	0	1291.16666666667	382.833333333332	0	0	0	0	*	*	*
temp_vcf4_SM_AS17.vcf	Brahy.D01G0859400.v1.1	0	0	1	0	628.833333333334	166.166666666667	0	0	0.00159024648820567	0	0	*	*
temp_vcf4_SM_AS17.vcf	Brahy.D01G0862600.v1.1	0	0	0	0	761.666666666666	252.333333333334	0	0	0	0	*	*	*
temp_vcf4_SM_AS17.vcf	Brahy.D01G0862700.v1.1	0	0	1	3	2550.33333333333	776.666666666669	0	0	0.000392105607110182	0.003862660944206	0	*	*
temp_vcf4_SM_AS17.vcf	Brahy.D01G0864100.v1.1	0	0	0	0	299.166666666667	93.8333333333333	0	0	0	0	*	*	*
temp_vcf4_SM_AS17.vcf	Brahy.D01G0864600.v1.1	0	0	2	0	291.166666666667	110.833333333333	0	0	0.0068689181453921	0	0	*	*
temp_vcf4_SM_AS17.vcf	Brahy.D01G0864700.v1.1	0	0	0	0	317.5	120.5	0	0	0	0	*	*	*
temp_vcf4_SM_AS17.vcf	Brahy.D01G0864800.v1.1	0	0	0	0	380	145	0	0	0	0	*	*	*
temp_vcf4_SM_AS17.vcf	Brahy.D01G0865300.v1.1	0	0	1	1	3047.83333333332	945.166666666674	0	0	0.000328101930333025	0.00105801445953094	0	*	*
temp_vcf4_SM_AS17.vcf	Brahy.D01G0865700.v1.1	0	0	0	1	1859.33333333334	567.666666666666	0	0	0	0.00176159718144451	0	*	*
temp_vcf4_SM_AS17.vcf	Brahy.D01G0867300.v1.1	0	0	1	0	718.999999999999	256	0	0	0.00139082058414465	0	0	*	*
temp_vcf4_SM_AS17.vcf	Brahy.D01G0870100.v1.1	0	0	2	6	2190	654	0	0	0.000913242009132419	0.0091743119266055	-3	*	*
temp_vcf4_SM_AS17.vcf	Brahy.D01G0871300.v1.1	0	0	0	2	507.333333333334	167.666666666667	0	0	0	0.0119284294234592	0	*	*
temp_vcf4_SM_AS17.vcf	Brahy.D01G0872000.v1.1	0	0	0	1	424.833333333334	136.166666666666	0	0	0	0.00734394124847002	0	*	*
temp_vcf4_SM_AS17.vcf	Brahy.D01G0873900.v1.1	0	0	0	0	792.166666666665	248.833333333334	0	0	0	0	*	*	*
temp_vcf4_SM_AS17.vcf	Brahy.D01G0874100.v1.1	0	0	0	1	810.166666666665	230.833333333334	0	0	0	0.00433212996389891	0	*	*
temp_vcf4_SM_AS17.vcf	Brahy.D01G0874400.v1.1	0	0	0	0	818.666666666665	255.333333333334	0	0	0	0	*	*	*
temp_vcf4_SM_AS17.vcf	Brahy.D01G0874600.v1.1	0	0	2	0	622.666666666667	205.333333333333	0	0	0.00321199143468951	0	0	*	*
temp_vcf4_SM_AS17.vcf	Brahy.D01G0877400.v1.1	0	0	1	0	507.500000000001	176.5	0	0	0.00197044334975369	0	0	*	*
temp_vcf4_SM_AS17.vcf	Brahy.D01G0879200.v1.1	0	0	0	0	402.666666666667	149.333333333333	0	0	0	0	*	*	*
temp_vcf4_SM_AS17.vcf	Brahy.D01G0879500.v1.1	0	0	0	0	1040.16666666666	303.833333333333	0	0	0	0	*	*	*
temp_vcf4_SM_AS17.vcf	Brahy.D01G0881100.v1.1	0	0	0	0	917.499999999999	285.5	0	0	0	0	*	*	*
temp_vcf4_SM_AS17.vcf	Brahy.D01G0881200.v1.1	0	0	0	0	753.833333333333	227.166666666667	0	0	0	0	*	*	*
temp_vcf4_SM_AS17.vcf	Brahy.D01G0886000.v1.1	0	0	0	3	1759.00000000001	514.999999999998	0	0	0	0.00582524271844662	0	*	*
temp_vcf4_SM_AS17.vcf	Brahy.D01G0888100.v1.1	0	1.09090909090909	2	15	2582.58333333333	867.416666666669	0	0.00125765290526555	0.000774418379529542	0.0172927274474012	-2.3	0.5	*
temp_vcf4_SM_AS17.vcf	Brahy.D01G0889100.v1.1	0	0	0	1	805.999999999999	235.000000000001	0	0	0	0.00425531914893616	0	*	*
temp_vcf4_SM_AS17.vcf	Brahy.D01G0889900.v1.1	0	0	1	0	2306.33333333333	699.66666666667	0	0	0.000433588668882786	0	0	*	*
temp_vcf4_SM_AS17.vcf	Brahy.D01G0892000.v1.1	0	0	0	0	1025.33333333333	309.666666666667	0	0	0	0	*	*	*
temp_vcf4_SM_AS17.vcf	Brahy.D01G0892100.v1.1	0	0	0	0	1290.33333333333	434.666666666666	0	0	0	0	*	*	*
temp_vcf4_SM_AS17.vcf	Brahy.D01G0894000.v1.1	0	0	0	0	500.833333333334	180.166666666667	0	0	0	0	*	*	*
temp_vcf4_SM_AS17.vcf	Brahy.D01G0899100.v1.1	0	0	0	0	1375.66666666667	424.333333333332	0	0	0	0	*	*	*
temp_vcf4_SM_AS17.vcf	Brahy.D01G0899800.v1.1	0	0	0	3	818.166666666665	282.833333333334	0	0	0	0.0106069534472599	0	*	*
temp_vcf4_SM_AS17.vcf	Brahy.D01G0901900.v1.1	0	0	0	1	660.666666666666	188.333333333333	0	0	0	0.00530973451327433	0	*	*
temp_vcf4_SM_AS17.vcf	Brahy.D01G0902000.v1.1	0	0	0	0	113.666666666667	48.3333333333333	0	0	0	0	*	*	*
temp_vcf4_SM_AS17.vcf	Brahy.D01G0902400.v1.1	0	0	0	0	847.499999999999	259.5	0	0	0	0	*	*	*
temp_vcf4_SM_AS17.vcf	Brahy.D01G0903500.v1.1	0	0	0	1	478.166666666667	169.833333333333	0	0	0	0.00588812561334642	0	*	*
temp_vcf4_SM_AS17.vcf	Brahy.D01G0903700.v1.1	0	0	41.8333333333333	29.9166666666667	5958.29050925932	1640.14525462961	0	0	0.00702102948292356	0.0182402543812638	-7.94521604938272	*	*
temp_vcf4_SM_AS17.vcf	Brahy.D01G0903900.v1.1	0	0	3	1	981.333333333331	317.666666666666	0	0	0.00305706521739131	0.0031479538300105	0	*	*
temp_vcf4_SM_AS17.vcf	Brahy.D01G0904100.v1.1	0	0	2	0	685.666666666666	256.333333333334	0	0	0.00291686922702966	0	0	*	*
temp_vcf4_SM_AS17.vcf	Brahy.D01G0904800.v1.1	0	0	2	2	680.666666666666	222.333333333334	0	0	0.0029382957884427	0.00899550224887555	0	*	*
temp_vcf4_SM_AS17.vcf	Brahy.D01G0905800.v1.1	0	0	1	0	636	195	0	0	0.00157232704402516	0	0	*	*
temp_vcf4_SM_AS17.vcf	Brahy.D01G0908200.v1.1	0	0	1	0	928.666666666665	301.333333333333	0	0	0.00107681263460158	0	0	*	*
temp_vcf4_SM_AS17.vcf	Brahy.D01G0911100.v1.1	0	0	0	0	353.333333333333	135.666666666667	0	0	0	0	*	*	*
temp_vcf4_SM_AS17.vcf	Brahy.D01G0912300.v1.1	0	0.327272727272727	0	0.181818181818182	1512.45454545455	461.545454545453	0	0.000709080165452041	0	0.000393933425251134	0.297520661157025	*	0.297520661157025
temp_vcf4_SM_AS17.vcf	Brahy.D01G0916000.v1.1	0	0	0	0	1283.33333333333	432.666666666665	0	0	0	0	*	*	*
temp_vcf4_SM_AS17.vcf	Brahy.D01G0916100.v1.1	0	0	1	1	353.166666666667	117.833333333333	0	0	0.00283152430391694	0.00848656294200849	0	*	*
temp_vcf4_SM_AS17.vcf	Brahy.D01G0916900.v1.1	0	0	0	0	857.666666666666	285.333333333334	0	0	0	0	*	*	*
temp_vcf4_SM_AS17.vcf	Brahy.D01G0919000.v1.1	0	0	1	0	913.333333333331	301.666666666667	0	0	0.00109489051094891	0	0	*	*
temp_vcf4_SM_AS17.vcf	Brahy.D01G0919400.v1.1	0	0	1	0	1076.83333333333	315.166666666667	0	0	0.000928648815972761	0	0	*	*
temp_vcf4_SM_AS17.vcf	Brahy.D01G0919500.v1.1	0	0	1	1	1607.66666666667	504.333333333332	0	0	0.000622019489944018	0.00198281559814938	0	*	*
temp_vcf4_SM_AS17.vcf	Brahy.D01G0919800.v1.1	0	0	0	0	1155.5	350.5	0	0	0	0	*	*	*
temp_vcf4_SM_AS17.vcf	Brahy.D01G0921600.v1.1	0	0	0	0	367.333333333334	112.666666666667	0	0	0	0	*	*	*
temp_vcf4_SM_AS17.vcf	Brahy.D01G0922000.v1.1	0	0	1	0	742.333333333332	271.666666666667	0	0	0.00134710372698698	0	0	*	*
temp_vcf4_SM_AS17.vcf	Brahy.D01G0925400.v1.1	0	0	1	0	1421.66666666667	480.333333333332	0	0	0.000703399765533411	0	0	*	*
temp_vcf4_SM_AS17.vcf	Brahy.D01G0925900.v1.1	0	0	0	0	842.666666666665	279.333333333334	0	0	0	0	*	*	*
temp_vcf4_SM_AS17.vcf	Brahy.D01G0926300.v1.1	0	0	0	2	1339.16666666667	433.833333333332	0	0	0	0.00461006530925856	0	*	*
temp_vcf4_SM_AS17.vcf	Brahy.D01G0928500.v1.1	0	0	0	1	1336.83333333333	454.166666666666	0	0	0	0.00220183486238532	0	*	*
temp_vcf4_SM_AS17.vcf	Brahy.D01G0929600.v1.1	0	0	0	0	444.666666666667	146.333333333333	0	0	0	0	*	*	*
temp_vcf4_SM_AS17.vcf	Brahy.D01G0929700.v1.1	0	0	0	0	1513	475.999999999999	0	0	0	0	*	*	*
temp_vcf4_SM_AS17.vcf	Brahy.D01G0930500.v1.1	0	0	0	0	918.499999999999	296.5	0	0	0	0	*	*	*
temp_vcf4_SM_AS17.vcf	Brahy.D01G0930600.v1.1	0	0	0	0	990.166666666665	329.833333333333	0	0	0	0	*	*	*
temp_vcf4_SM_AS17.vcf	Brahy.D01G0931100.v1.1	0	0	1	0	2059.00000000001	719.000000000001	0	0	0.00048567265662943	0	0	*	*
temp_vcf4_SM_AS17.vcf	Brahy.D01G0931500.v1.1	0	0	0	0	752	280	0	0	0	0	*	*	*
temp_vcf4_SM_AS17.vcf	Brahy.D01G0932200.v1.1	0	0	0	1	734.166666666666	261.833333333334	0	0	0	0.00381922342457033	0	*	*
temp_vcf4_SM_AS17.vcf	Brahy.D01G0933600.v1.1	0	0	0	0	549.166666666667	182.833333333333	0	0	0	0	*	*	*
temp_vcf4_SM_AS17.vcf	Brahy.D01G0934000.v1.1	0	0.0689655172413792	0	0.96551724137931	875.833333333331	285.166666666667	0	0.000241842842459541	0	0.00338579979443358	0.0665873959571937	*	0.0665873959571937
temp_vcf4_SM_AS17.vcf	Brahy.D01G0934300.v1.1	0	0	0	0	292.333333333333	100.666666666667	0	0	0	0	*	*	*
temp_vcf4_SM_AS17.vcf	Brahy.D01G0935000.v1.1	0	0	0	1	1028.66666666666	309.333333333334	0	0	0	0.00323275862068965	0	*	*
temp_vcf4_SM_AS17.vcf	Brahy.D01G0938200.v1.1	0	0	0	0	1230.83333333333	410.166666666666	0	0	0	0	*	*	*
temp_vcf4_SM_AS17.vcf	Brahy.D01G0939300.v1.1	0	0	1	0	1478	510.999999999999	0	0	0.000676589986468199	0	0	*	*
temp_vcf4_SM_AS17.vcf	Brahy.D01G0940500.v1.1	0	0	0	1	535.166666666667	208.833333333334	0	0	0	0.00478850758180367	0	*	*
temp_vcf4_SM_AS17.vcf	Brahy.D01G0942900.v1.1	0	0	2	1	558.833333333333	200.166666666667	0	0	0.00357888458097226	0.00499583680266444	0	*	*
temp_vcf4_SM_AS17.vcf	Brahy.D01G0944000.v1.1	0	0	1	4	1253	423.999999999999	0	0	0.000798084596967278	0.00943396226415097	0	*	*
temp_vcf4_SM_AS17.vcf	Brahy.D01G0944600.v1.1	0	0	3	1	1421.16666666667	396.833333333332	0	0	0.00211094171455377	0.00251994960100799	0	*	*
temp_vcf4_SM_AS17.vcf	Brahy.D01G0945700.v1.1	0	0	16	2	2698.33333333333	751.66666666667	0	0	0.00592958616429895	0.00266075388026606	-3	*	*
temp_vcf4_SM_AS17.vcf	Brahy.D01G0945800.v1.1	0	0	8	6	2374.33333333334	709.666666666667	0	0	0.00336936683981468	0.00845467355565993	-3	*	*
temp_vcf4_SM_AS17.vcf	Brahy.D01G0947600.v1.1	0	0	0	0	300.666666666667	86.3333333333333	0	0	0	0	*	*	*
temp_vcf4_SM_AS17.vcf	Brahy.D01G0949600.v1.1	0	0	0	1	508.666666666667	142.333333333333	0	0	0	0.00702576112412178	0	*	*
temp_vcf4_SM_AS17.vcf	Brahy.D01G0950900.v1.1	0	0	0	0	905.666666666665	318.333333333333	0	0	0	0	*	*	*
temp_vcf4_SM_AS17.vcf	Brahy.D01G0951800.v1.1	0	0	4	4	1368.66666666667	470.333333333332	0	0	0.00292255236239649	0.00850460666194191	-3	*	*
temp_vcf4_SM_AS17.vcf	Brahy.D01G0952700.v1.1	0	0	0	1	1353	419.999999999999	0	0	0	0.00238095238095239	0	*	*
temp_vcf4_SM_AS17.vcf	Brahy.D01G0953800.v1.1	0	0	0	3	741.666666666666	284.333333333334	0	0	0	0.0105509964830012	0	*	*
temp_vcf4_SM_AS17.vcf	Brahy.D01G0954000.v1.1	0	0	18	18	3916.99999999998	1348	0	0	0.00459535358692879	0.013353115727003	-3	*	*
temp_vcf4_SM_AS17.vcf	Brahy.D01G0955000.v1.1	0	0	0	0	196.833333333333	61.1666666666667	0	0	0	0	*	*	*
temp_vcf4_SM_AS17.vcf	Brahy.D01G0956700.v1.1	0	0	0	1	808.999999999999	253	0	0	0	0.00395256916996047	0	*	*
temp_vcf4_SM_AS17.vcf	Brahy.D01G0958000.v1.1	0	0	0	0	1115.33333333333	375.666666666666	0	0	0	0	*	*	*
temp_vcf4_SM_AS17.vcf	Brahy.D01G0958900.v1.1	0	0	0	0	1161.5	389.499999999999	0	0	0	0	*	*	*
temp_vcf4_SM_AS17.vcf	Brahy.D01G0961800.v1.1	0	0	0	18	2762.99999999999	744.000000000003	0	0	0	0.0241935483870967	-8	*	*
temp_vcf4_SM_AS17.vcf	Brahy.D01G0964700.v1.1	0	0	0	1	951.333333333331	311.666666666667	0	0	0	0.00320855614973262	0	*	*
temp_vcf4_SM_AS17.vcf	Brahy.D01G0965000.v1.1	0	0	0	2	1186.66666666667	370.333333333333	0	0	0	0.00540054005400541	0	*	*
temp_vcf4_SM_AS17.vcf	Brahy.D01G0966600.v1.1	0	0	1	1	741.333333333333	245.666666666667	0	0	0.00134892086330935	0.00407055630936228	0	*	*
temp_vcf4_SM_AS17.vcf	Brahy.D01G0967900.v1.1	0	0	0	0	504.500000000001	149.5	0	0	0	0	*	*	*
temp_vcf4_SM_AS17.vcf	Brahy.D01G0968000.v1.1	0	0	2	1	248.333333333333	69.6666666666667	0	0	0.00805369127516779	0.0143540669856459	0	*	*
temp_vcf4_SM_AS17.vcf	Brahy.D01G0970000.v1.1	0	0	1	0	542.833333333334	198.166666666667	0	0	0.00184218606079214	0	0	*	*
temp_vcf4_SM_AS17.vcf	Brahy.D01G0970700.v1.1	0	0	0	8	2346.66666666667	740.333333333336	0	0	0	0.0108059432687978	-3	*	*
temp_vcf4_SM_AS17.vcf	Brahy.D01G0971200.v1.1	0	0	3	0	776.166666666666	219.833333333334	0	0	0.00386514923770668	0	0	*	*
temp_vcf4_SM_AS17.vcf	Brahy.D01G0972000.v1.1	0	0	1	0	1396	478.999999999999	0	0	0.000716332378223495	0	0	*	*
temp_vcf4_SM_AS17.vcf	Brahy.D01G0972200.v1.1	0	0	0	0	195	66	0	0	0	0	*	*	*
temp_vcf4_SM_AS17.vcf	Brahy.D01G0980000.v1.1	0	0	0	0	1229.66666666667	348.333333333333	0	0	0	0	*	*	*
temp_vcf4_SM_AS17.vcf	Brahy.D01G0980100.v1.1	0	0	0	0	241.166666666667	64.8333333333334	0	0	0	0	*	*	*
temp_vcf4_SM_AS17.vcf	Brahy.D01G0984600.v1.1	0	0	0	0	546.666666666667	203.333333333333	0	0	0	0	*	*	*
temp_vcf4_SM_AS17.vcf	Brahy.D01G0985300.v1.1	0	0	0	0	649.333333333333	217.666666666667	0	0	0	0	*	*	*
temp_vcf4_SM_AS17.vcf	Brahy.D01G0985900.v1.1	0	0	0	0	518.666666666667	171.333333333333	0	0	0	0	*	*	*
temp_vcf4_SM_AS17.vcf	Brahy.D01G0986500.v1.1	0	0	24	30	4531.99999999998	1515.99999999999	0	0	0.00529567519858785	0.0197889182058049	-8	*	*
temp_vcf4_SM_AS17.vcf	Brahy.D01G0987500.v1.1	0	0	1	0	258.333333333333	110.666666666667	0	0	0.00387096774193548	0	0	*	*
temp_vcf4_SM_AS17.vcf	Brahy.D01G0989600.v1.1	0	0	0	0	516.166666666667	155.833333333333	0	0	0	0	*	*	*
temp_vcf4_SM_AS17.vcf	Brahy.D01G0992400.v1.1	0	0	0	0	2138.33333333334	711.666666666668	0	0	0	0	*	*	*
temp_vcf4_SM_AS17.vcf	Brahy.D01G0992700.v1.1	0	0	0	0	381	129	0	0	0	0	*	*	*
temp_vcf4_SM_AS17.vcf	Brahy.D01G0993100.v1.1	0	0	1	0	689.333333333332	231.666666666667	0	0	0.00145067698259188	0	0	*	*
temp_vcf4_SM_AS17.vcf	Brahy.D01G0993400.v1.1	0	0	1	2	596.166666666667	186.833333333333	0	0	0.00167738328207995	0.0107047279214987	0	*	*
temp_vcf4_SM_AS17.vcf	Brahy.D01G0995900.v1.1	0	0	1	1	943.166666666665	340.833333333333	0	0	0.00106025799611239	0.00293398533007335	0	*	*
temp_vcf4_SM_AS17.vcf	Brahy.D01G0999500.v1.1	0	0	1	0	1274.83333333333	438.166666666666	0	0	0.000784416263563864	0	0	*	*
temp_vcf4_SM_AS17.vcf	Brahy.D01G1004700.v1.1	0	0	1	0	953.999999999998	309	0	0	0.00104821802935011	0	0	*	*
temp_vcf4_SM_AS17.vcf	Brahy.D01G1004900.v1.1	0	0	0	0	281	76	0	0	0	0	*	*	*
temp_vcf4_SM_AS17.vcf	Brahy.D01G1007500.v1.1	0	0	2	0	649.833333333333	223.166666666667	0	0	0.00307771223390613	0	0	*	*
temp_vcf4_SM_AS17.vcf	Brahy.D01G1009100.v1.1	0	0	1	1	1110.16666666667	425.833333333333	0	0	0.000900765650803183	0.00234833659491194	0	*	*
temp_vcf4_SM_AS17.vcf	Brahy.D01G1009400.v1.1	0	0	1	1	698.166666666666	216.833333333334	0	0	0.00143232275005968	0.00461183704842428	0	*	*
temp_vcf4_SM_AS17.vcf	Brahy.D01G1009600.v1.1	0.0425531914893618	0	2.97872340425532	3	3591.65248226948	1070.3475177305	1.18478031211064e-05	0	0.000829346218477445	0.00280282800707663	0.00694130073939943	0.0416478044363966	*
temp_vcf4_SM_AS17.vcf	Brahy.D01G1012500.v1.1	0	0	0	0	939.333333333331	350.666666666666	0	0	0	0	*	*	*
temp_vcf4_SM_AS17.vcf	Brahy.D01G1014500.v1.1	0	0	1	0	265.833333333333	100.166666666667	0	0	0.00376175548589342	0	0	*	*
temp_vcf4_SM_AS17.vcf	Brahy.D01G1015600.v1.1	0	0	1	0	2215	653.000000000002	0	0	0.000451467268623024	0	0	*	*
temp_vcf4_SM_AS17.vcf	Brahy.D01G1016000.v1.1	0	0	2	0	347	115	0	0	0.00576368876080691	0	0	*	*
temp_vcf4_SM_AS17.vcf	Brahy.D01G1017100.v1.1	0	0	0	0	1702.50000000001	547.499999999998	0	0	0	0	*	*	*
temp_vcf4_SM_AS17.vcf	Brahy.D01G1020500.v1.1	0	0	0	0	537.333333333334	182.666666666667	0	0	0	0	*	*	*
temp_vcf4_SM_AS17.vcf	Brahy.D01G1020600.v1.1	0	0	1	0	1206.16666666667	428.833333333333	0	0	0.000829072820229377	0	0	*	*
temp_vcf4_SM_AS17.vcf	Brahy.D01G1021000.v1.1	0	0	1	0	895.333333333332	283.666666666667	0	0	0.00111690245718541	0	0	*	*
temp_vcf4_SM_AS17.vcf	Brahy.D01G1022900.v1.1	0	0	2	1	636.5	233.5	0	0	0.00314218381775334	0.00428265524625267	0	*	*
temp_vcf4_SM_AS17.vcf	Brahy.D01G1023500.v1.1	0	0	0	3	641.833333333333	219.166666666667	0	0	0	0.0136882129277566	0	*	*
temp_vcf4_SM_AS17.vcf	Brahy.D01G1024500.v1.1	0	0	1	3	824.666666666666	243.333333333334	0	0	0.00121261115602264	0.0123287671232877	0	*	*
temp_vcf4_SM_AS17.vcf	Brahy.D01G1024700.v1.1	0	0	0	0	189.166666666667	47.8333333333333	0	0	0	0	*	*	*
temp_vcf4_SM_AS17.vcf	Brahy.D01G1029700.v1.1	0	0	2	4	1314.33333333333	410.666666666666	0	0	0.00152168399695663	0.00974025974025976	0	*	*
temp_vcf4_SM_AS17.vcf	Brahy.D01G1032700.v1.1	0	0	0	4	1804.50000000001	532.499999999999	0	0	0	0.0075117370892019	-3	*	*
temp_vcf4_SM_AS17.vcf	Brahy.D01G1032900.v1.1	0	0	10	26	2730.66666666666	830.333333333335	0	0	0.003662109375	0.0313127258129265	-3	*	*
temp_vcf4_SM_AS17.vcf	Brahy.D01G1035500.v1.1	0	0	4	7	1160	405.999999999999	0	0	0.00344827586206897	0.0172413793103448	0	*	*
temp_vcf4_SM_AS17.vcf	Brahy.D01G1035900.v1.1	0	0	3	1	1048.66666666667	355.333333333333	0	0	0.00286077558804832	0.00281425891181989	0	*	*
temp_vcf4_SM_AS17.vcf	Brahy.D01G1037000.v1.1	0.681368186874305	0.599110122358176	5.61572580645161	9.6741935483871	1252.35833333333	430.641666666666	0.000544068074399078	0.00139120333384255	0.00448412060428787	0.0224646017726736	0.0774430728082726	0.219835132674298	0.193194588969823
temp_vcf4_SM_AS17.vcf	Brahy.D01G1038100.v1.1	0.117647058823529	0	0.941176470588235	2	826.499999999998	262.500000000001	0.000142343688836697	0	0.00113874951069357	0.0076190476190476	0.0369088811995386	0.110726643598616	*
temp_vcf4_SM_AS17.vcf	Brahy.D01G1038200.v1.1	0	0	6	4	1564.83333333334	514.166666666665	0	0	0.00383427415060176	0.00777957860615886	0	*	*
temp_vcf4_SM_AS17.vcf	Brahy.D01G1039800.v1.1	0	0	4	4	4123.3333333333	1330.66666666667	0	0	0.000970088924818115	0.0030060120240481	-3	*	*
temp_vcf4_SM_AS17.vcf	Brahy.D01G1040400.v1.1	0	0	0	1	525.333333333334	185.666666666667	0	0	0	0.00538599640933573	0	*	*
temp_vcf4_SM_AS17.vcf	Brahy.D01G1040600.v1.1	0	0	1	0	2221.66666666667	697.333333333335	0	0	0.000450112528132032	0	0	*	*
temp_vcf4_SM_AS17.vcf	Brahy.D01G1044000.v1.1	0	0	8	3	2007.00000000001	593.999999999999	0	0	0.00398604882909814	0.00505050505050506	0	*	*
temp_vcf4_SM_AS17.vcf	Brahy.D01G1045200.v1.1	0	0	0	0	1447.33333333333	475.666666666665	0	0	0	0	*	*	*
temp_vcf4_SM_AS17.vcf	Brahy.D01G1045300.v1.1	0	0	1	0	1449.5	470.499999999998	0	0	0.00068989306657468	0	0	*	*
temp_vcf4_SM_AS17.vcf	Brahy.D01G1046200.v1.1	0	0	1	0	647.166666666666	225.833333333334	0	0	0.00154519701261911	0	0	*	*
temp_vcf4_SM_AS17.vcf	Brahy.D01G1046300.v1.1	0	0	1	2	625.833333333333	208.166666666667	0	0	0.00159786950732357	0.00960768614891913	0	*	*
temp_vcf4_SM_AS17.vcf	Brahy.D01G1047200.v1.1	0	0	0	1	606.333333333333	188.666666666667	0	0	0	0.00530035335689046	0	*	*
temp_vcf4_SM_AS17.vcf	Brahy.D01G1047900.v1.1	0	0	4	12	1151.83333333333	366.166666666667	0	0	0.00347272464187527	0.0327719617660446	-3	*	*
temp_vcf4_SM_AS17.vcf	Brahy.D01G1048200.v1.1	0	0	0	1	766.333333333332	241.666666666667	0	0	0	0.00413793103448275	0	*	*
temp_vcf4_SM_AS17.vcf	Brahy.D01G1048300.v1.1	0	0	0	0	530.166666666667	180.833333333333	0	0	0	0	*	*	*
temp_vcf4_SM_AS17.vcf	Brahy.D01G1048400.v1.1	0	0	0	0	476	163	0	0	0	0	*	*	*
temp_vcf4_SM_AS17.vcf	Brahy.D01G1048800.v1.1	0	0.389811738648948	4	5.25581395348837	4401.66666666665	1331.33333333333	0	0.000292798000988194	0.000908746686861041	0.00394778213832378	0.0380746349378042	*	0.380746349378042
temp_vcf4_SM_AS17.vcf	Brahy.D01G1050000.v1.1	0	0	4	12	1901.16666666667	606.833333333332	0	0	0.0021039712457263	0.0197747871463884	-3	*	*
temp_vcf4_SM_AS17.vcf	Brahy.D01G1051200.v1.1	0	0	4	2	1694.5	597.5	0	0	0.00236057834169371	0.00334728033472804	0	*	*
temp_vcf4_SM_AS17.vcf	Brahy.D01G1053500.v1.1	0	0	3	2	709.5	238.5	0	0	0.00422832980972516	0.00838574423480083	0	*	*
temp_vcf4_SM_AS17.vcf	Brahy.D01G1056100.v1.1	0	0	1	1	439.166666666667	163.833333333333	0	0	0.00227703984819734	0.00610376398779247	0	*	*
temp_vcf4_SM_AS17.vcf	Brahy.D01G1057500.v1.1	0	0	1	1	549.833333333334	206.166666666667	0	0	0.0018187329493786	0.00485044462409054	0	*	*
temp_vcf4_SM_AS17.vcf	Brahy.D01G1058000.v1.1	0	0	0	1	768.166666666666	281.833333333333	0	0	0	0.00354819633353045	0	*	*
temp_vcf4_SM_AS17.vcf	Brahy.D01G1059300.v1.1	0	0	0	3	418.166666666667	118.833333333333	0	0	0	0.0252454417952314	0	*	*
temp_vcf4_SM_AS17.vcf	Brahy.D01G1065400.v1.1	0	0	1	0	315.833333333333	116.166666666667	0	0	0.00316622691292876	0	0	*	*
temp_vcf4_SM_AS17.vcf	Brahy.D01G1068800.v1.1	0	0	0	1	634.666666666667	232.333333333334	0	0	0	0.0043041606886657	0	*	*
temp_vcf4_SM_AS17.vcf	Brahy.D01G1069900.v1.1	0	0	0	0	973.666666666665	277.333333333334	0	0	0	0	*	*	*
temp_vcf4_SM_AS17.vcf	Brahy.D01G1070000.v1.1	0	0	0	1	532.833333333334	160.166666666667	0	0	0	0.00624349635796046	0	*	*
