chr1A 163500001 164500001 5.508494743365986
chr1A 184000001 185000001 3.3131783217449993
chr1A 251500001 252500001 7.302427855240751
chr1A 321500001 322500001 0.3537647016496521
chr1A 344500001 345500001 1.5740201227860666
chr1A 365500001 366500001 3.243439661107999
chr1A 424500001 425500001 7.539648337857102
chr1A 511000001 512000001 0.2569233256445216
chr1A 86500001 87500001 9.196258341377643
chr1B 206000001 207000001 1.1818480049364553
chr1B 21500001 22500001 1.573822063743762
chr1B 216500001 217500001 4.255107197298685
chr1B 23500001 24500001 0.20072190136556856
chr1B 305000001 306000001 5.26001744967698
chr1B 312000001 313000001 6.076786341716513
chr1B 334000001 335000001 3.7014537657971402
chr1B 348000001 349000001 3.1379851182126686
chr1B 353000001 354000001 3.7378991618604687
chr1B 364000001 365000001 5.724115056555377
chr1B 366500001 367500001 6.351339902143678
chr1B 375500001 376500001 1.2780261415832967
chr1B 39000001 40000001 3.571545211161549
chr1B 40500001 41500001 13.322265631115584
chr1B 459500001 460500001 1.8882339457429822
chr1B 462500001 463500001 1.134390956034082
chr1B 505000001 506000001 0.9321349216875205
chr1B 539000001 540000001 3.133741723402693
chr1B 588500001 589500001 4.845482131340475
chr1B 647000001 648000001 5.408539016278553
chr2A 11000001 12000001 8.689060570358677
chr2A 118500001 119500001 0.14496290217502406
chr2A 119000001 120000001 0.7776607718149648
chr2A 244500001 245500001 1.2587545627282566
chr2A 259500001 260500001 1.3955118445545054
chr2A 297000001 298000001 9.000688891627533
chr2A 327500001 328500001 2.1996047172225417
chr2A 358500001 359500001 4.912032600889859
chr2A 378500001 379500001 3.5431727369070813
chr2A 463500001 464500001 15.378822120360326
chr2A 47000001 48000001 0.12319188277442095
chr2A 499000001 500000001 0.10600084362434359
chr2A 53500001 54500001 2.5512415761321563
chr2A 539000001 540000001 1.6122623846592887
chr2A 547000001 548000001 0.1826060726766059
chr2A 630500001 631500001 4.491896492756155
chr2A 711500001 712500001 1.0793675487439884
chr2A 724500001 725500001 1.113163815470628
chr2A 749000001 750000001 15.690558429278013
chr2A 75000001 76000001 12.722206680340449
chr2B 131500001 132500001 9.108751864526312
chr2B 185000001 186000001 3.075512204311906
chr2B 191500001 192500001 1.7913177233626811
chr2B 284000001 285000001 3.4561755200661253
chr2B 289000001 290000001 2.842437720404206
chr2B 29000001 30000001 17.90201687601828
chr2B 361000001 362000001 2.8192218293381757
chr2B 370000001 371000001 1.2661203066943472
chr2B 379000001 380000001 1.8736278206412749
chr2B 406500001 407500001 0.20804840836450467
chr2B 419000001 420000001 10.227450013543546
chr2B 434000001 435000001 12.060806341415912
chr2B 487500001 488500001 0.6335293562668767
chr2B 509500001 510500001 4.56985436901504
chr2B 535500001 536500001 0.9972779242220717
chr2B 55000001 56000001 3.1817051653614783
chr2B 578000001 579000001 2.734497230836837
chr2B 582500001 583500001 2.5423430195098717
chr2B 630500001 631500001 1.8220443544523022
chr2B 63500001 64500001 0.24514493721838448
chr2B 641000001 642000001 0.5883753227765283
chr2B 660500001 661500001 20.730961333944265
chr2B 675500001 676500001 0.3158218209041479
chr2B 699000001 700000001 1.7707366719621689
chr2B 75500001 76500001 1.8072693585751836
chr2B 764500001 765500001 2.3493794275428854
chr3A 116500001 117500001 0.6167679676254636
chr3A 133000001 134000001 0.8647187080699723
chr3A 158500001 159500001 4.36464948183756
chr3A 176000001 177000001 2.783880423261735
chr3A 186000001 187000001 3.857712423002397
chr3A 231000001 232000001 3.045363113165166
chr3A 232500001 233500001 6.254334357191567
chr3A 235500001 236500001 3.9474333163160225
chr3A 267500001 268500001 2.9948431823027875
chr3A 282500001 283500001 0.24040205304265783
chr3A 286000001 287000001 5.358148360370791
chr3A 339000001 340000001 0.12866948309516602
chr3A 497000001 498000001 0.9183901265603254
chr3A 559500001 560500001 1.5851655949914658
chr3A 560000001 561000001 1.2501298423661353
chr3A 65500001 66500001 4.515414286084365
chr3A 688500001 689500001 4.5139885893159715
chr3A 73500001 74500001 0.9642669623120455
chr3A 82000001 83000001 3.3819042311434373
chr3B 6000001 7000001 9.210850399324386
chr3B 104500001 105500001 5.224071586879518
chr3B 113500001 114500001 1.524685536408299
chr3B 135500001 136500001 5.837736749093324
chr3B 192500001 193500001 2.7620283269962442
chr3B 203500001 204500001 8.646741395428904
chr3B 220500001 221500001 7.0873331949483145
chr3B 23000001 24000001 2.024877147463087
chr3B 276500001 277500001 1.4102546804525105
chr3B 285500001 286500001 7.45255396717036
chr3B 313000001 314000001 2.762566873752803
chr3B 317000001 318000001 0.8665452089221048
chr3B 326500001 327500001 6.348937427055546
chr3B 360000001 361000001 2.345601852953564
chr3B 376500001 377500001 0.16341534845378192
chr3B 38000001 39000001 8.698983976738191
chr3B 386500001 387500001 3.165806567819345
chr3B 387500001 388500001 4.157005260152189
chr3B 432500001 433500001 4.964744786845472
chr3B 433500001 434500001 1.9398015543155793
chr3B 485500001 486500001 2.254720993492242
chr3B 491000001 492000001 6.158583564206651
chr3B 517500001 518500001 1.5956016456687507
chr3B 539000001 540000001 1.3071328370152742
chr3B 539500001 540500001 4.136401038471718
chr3B 55500001 56500001 3.8481977277248376
chr3B 567500001 568500001 0.8055627060891908
chr3B 604000001 605000001 1.942538436654388
chr3B 616000001 617000001 0.3550438684094672
chr3B 633500001 634500001 2.271401976331447
chr3B 66500001 67500001 8.481487909255513
chr3B 720000001 721000001 2.2791489755434924
chr3B 806500001 807500001 4.50972411247551
chr3B 81000001 82000001 1.2849684476700816
chr3B 829500001 830500001 10.696126881215648
chr4A 109500001 110500001 3.949320765289997
chr4A 119000001 120000001 3.73769844116066
chr4A 149500001 150500001 2.7336716224413067
chr4A 262500001 263500001 2.7406619850515312
chr4A 359500001 360500001 0.7493030353711845
chr4A 448000001 449000001 4.4809988531217755
chr4A 470500001 471500001 0.9770353541738075
chr4A 583000001 584000001 4.083228712639595
chr4A 674000001 675000001 2.698929243117817
chr4A 75500001 76500001 0.562248134481024
chr4A 95000001 96000001 1.8722429223146833
chr4B 1000001 2000001 0.10902284783463756
chr4B 150500001 151500001 2.3316442553892784
chr4B 165500001 166500001 2.18310432991575
chr4B 173000001 174000001 1.0217705258708065
chr4B 185000001 186000001 2.591154221418492
chr4B 191500001 192500001 0.6928108890391513
chr4B 204000001 205000001 0.6333093711978108
chr4B 229000001 230000001 2.223353640360017
chr4B 260500001 261500001 4.982817937486345
chr4B 350500001 351500001 0.18958527628819866
chr4B 381000001 382000001 7.366083253423085
chr4B 388500001 389500001 19.73039493862447
chr4B 390500001 391500001 7.269732726266113
chr4B 531500001 532500001 3.902958293503062
chr4B 56500001 57500001 10.662064528511564
chr4B 578000001 579000001 0.6296691093603926
chr4B 603000001 604000001 4.632130685174786
chr4B 67000001 68000001 2.0920661846993767
chr4B 81500001 82500001 3.867990819903895
chr5A 110500001 111500001 6.813872545949792
chr5A 139000001 140000001 1.4621936007359864
chr5A 199500001 200500001 6.357217301161171
chr5A 38500001 39500001 1.9031629247469795
chr5A 450500001 451500001 3.2179775408757223
chr5A 57500001 58500001 3.588291812215104
chr5A 647000001 648000001 0.25437382344958337
chr5A 77500001 78500001 2.1320579638705226
chr5B 5000001 6000001 9.805135633895006
chr5B 150000001 151000001 2.8174005825243285
chr5B 150500001 151500001 3.330379970473359
chr5B 155000001 156000001 0.969993026978841
chr5B 207000001 208000001 4.27109041227726
chr5B 21000001 22000001 115.27114871811887
chr5B 292000001 293000001 8.411384428248311
chr5B 297000001 298000001 4.838821957606513
chr5B 318500001 319500001 11.32501920678186
chr5B 359000001 360000001 0.501940671634884
chr5B 386500001 387500001 3.402458883313443
chr5B 400500001 401500001 2.489868731866011
chr5B 403500001 404500001 4.66442273853761
chr5B 405500001 406500001 9.713769300634794
chr5B 412500001 413500001 0.48620400337534875
chr5B 48000001 49000001 2.3754515385584227
chr5B 50000001 51000001 0.972943481360403
chr5B 636000001 637000001 3.3505094155125335
chr5B 652500001 653500001 3.2051505513101546
chr5B 68000001 69000001 6.7234162466697995
chr5B 92000001 93000001 0.5706214210463258
chr6A 10000001 11000001 5.0881148451199465
chr6A 116500001 117500001 0.6470959156857532
chr6A 126500001 127500001 1.8114344793395958
chr6A 132500001 133500001 3.861592327572339
chr6A 148500001 149500001 0.14856377090620754
chr6A 152500001 153500001 1.9078866464927273
chr6A 383500001 384500001 3.530433401947903
chr6A 389000001 390000001 0.1405435876930028
chr6A 402500001 403500001 1.8951159289011912
chr6A 414000001 415000001 8.462017564291443
chr6A 443500001 444500001 1.8220776267027645
chr6A 478500001 479500001 5.834170583035444
chr6A 485000001 486000001 2.7519967762567887
chr6A 529000001 530000001 20.276860782717677
chr6A 65000001 66000001 1.0515387799734484
chr6A 96000001 97000001 0.9021502317149555
chr6B 197000001 198000001 0.825754882822821
chr6B 278500001 279500001 1.0527606125244802
chr6B 293500001 294500001 2.6697382702230925
chr6B 404500001 405500001 1.7701262145579904
chr6B 413000001 414000001 1.2607938674124455
chr6B 415500001 416500001 1.5117511315733054
chr6B 496000001 497000001 4.8806418125194
chr6B 55000001 56000001 7.05895127501546
chr6B 59500001 60500001 6.272037270515625
chr6B 612500001 613500001 5.863062307370825
chr6B 615500001 616500001 0.2737889903448263
chr6B 650500001 651500001 3.4186037951543966
chr6B 661500001 662500001 0.3756360461788404
chr6B 662000001 663000001 4.309277545180976
chr6B 693500001 694500001 4.743325292912914
chr6B 88000001 89000001 2.016985972999123
chr7A 109000001 110000001 5.324571869416843
chr7A 12000001 13000001 8.66230463609594
chr7A 201500001 202500001 8.818365743454194
chr7A 304500001 305500001 6.069591141736382
chr7A 311000001 312000001 0.39405700163712254
chr7A 502000001 503000001 0.4940434594519729
chr7A 59000001 60000001 0.8725710978015968
chr7A 608000001 609000001 6.523677611442707
chr7A 69500001 70500001 6.352050998191032
chr7A 717000001 718000001 6.465381997616831
chr7A 727500001 728500001 1.2095008755715213
chr7B 145000001 146000001 3.3626837142290924
chr7B 174500001 175500001 0.44689011205372253
chr7B 384500001 385500001 1.18912895053802
chr7B 556500001 557500001 0.14177477129111082
chr7B 591000001 592000001 5.712795828512498
chr7B 598500001 599500001 12.475393923723487
chr7B 659000001 660000001 0.5312813393325655
chr7B 71000001 72000001 3.1414191045571442
chr7B 724000001 725000001 0.10927687687302523
chr7B 76000001 77000001 7.750094709136164
chr7B 79000001 80000001 4.048485264748422
chr7B 89000001 90000001 1.8751602054164778
