chr1H 1750001 2750001 4.076048208978293
chr1H 108750001 109750001 2.8463465938183106
chr1H 114000001 115000001 0.2147764336666711
chr1H 16500001 17500001 0.13379328010774572
chr1H 180000001 181000001 2.585693048662666
chr1H 196500001 197500001 3.692484206112983
chr1H 205750001 206750001 2.7935651361346707
chr1H 221500001 222500001 2.515640352112655
chr1H 231000001 232000001 4.000341127775698
chr1H 24250001 25250001 1.5621182613627695
chr1H 293000001 294000001 0.4310456156425886
chr1H 297500001 298500001 0.32130175918665316
chr1H 298500001 299500001 0.78395974575011
chr1H 318250001 319250001 1.353728022998041
chr1H 324250001 325250001 2.0904662638836413
chr1H 326750001 327750001 0.1220733605816946
chr1H 33250001 34250001 1.9516012745003053
chr1H 335250001 336250001 0.9844195306373962
chr1H 339250001 340250001 1.5648635037706953
chr1H 341500001 342500001 0.26851443683582943
chr1H 346750001 347750001 2.149430982848287
chr1H 357750001 358750001 1.4632570620082674
chr1H 360250001 361250001 0.515518183992441
chr1H 363000001 364000001 2.8652707444030767
chr1H 367000001 368000001 2.6062307807719094
chr1H 368250001 369250001 2.7108218880608916
chr1H 379500001 380500001 2.4224050278151594
chr1H 38000001 39000001 0.235936148112728
chr1H 388000001 389000001 1.3468933282960336
chr1H 391500001 392500001 2.792043302158959
chr1H 403750001 404750001 2.6816152515163196
chr1H 408750001 409750001 0.40613133799696755
chr1H 413500001 414500001 0.10286056640015317
chr1H 415250001 416250001 2.1368291661036665
chr1H 43000001 44000001 0.12045091095951932
chr1H 435500001 436500001 1.4103447317560125
chr1H 439750001 440750001 0.3979576471157884
chr1H 440500001 441500001 0.2902363923143412
chr1H 441250001 442250001 1.5578487828014218
chr1H 448750001 449750001 0.5517001635580954
chr1H 456250001 457250001 0.922778266587656
chr1H 468500001 469500001 3.029958582239985
chr1H 504750001 505750001 0.5076357059310084
chr1H 509250001 510250001 4.09889913710677
chr1H 524750001 525750001 0.6774561785063469
chr1H 53250001 54250001 1.8640560644936102
chr1H 548000001 549000001 2.2911334054515464
chr1H 550750001 551750001 0.1927512181118587
chr1H 88750001 89750001 1.4852764499649425
chr1H 89000001 90000001 0.43063947722289697
chr1H 90250001 91250001 2.9347239547538493
chr1H 94500001 95500001 1.547420798419239
chr1H 97000001 98000001 2.8058398106143443
chr1H 98750001 99750001 7.940695583428102
chr2H 5250001 6250001 8.156687428476317
chr2H 8000001 9000001 3.4843899238997125
chr2H 108500001 109500001 1.019425480226289
chr2H 12500001 13500001 1.0363395051873994
chr2H 131750001 132750001 0.8444296440058139
chr2H 14750001 15750001 2.524713730044354
chr2H 15000001 16000001 2.524713730044354
chr2H 160250001 161250001 0.5114827905210575
chr2H 163750001 164750001 0.17006507874803845
chr2H 177250001 178250001 0.7955090480546971
chr2H 191000001 192000001 0.8466879897841153
chr2H 194750001 195750001 0.6349241072433642
chr2H 199000001 200000001 3.846396444027164
chr2H 215000001 216000001 3.3118549016205705
chr2H 239250001 240250001 0.25601995829333646
chr2H 24000001 25000001 0.24131544758874668
chr2H 241500001 242500001 1.4087807945660273
chr2H 242000001 243000001 0.23823192182157982
chr2H 249250001 250250001 0.5641820975469756
chr2H 256500001 257500001 1.1240335139517583
chr2H 257250001 258250001 1.938281767345586
chr2H 268750001 269750001 1.436873482313601
chr2H 269000001 270000001 1.1602642320849554
chr2H 285500001 286500001 1.6875247764607906
chr2H 298500001 299500001 2.388885157572531
chr2H 300500001 301500001 1.7595313514740951
chr2H 316000001 317000001 2.315830814584359
chr2H 322250001 323250001 0.49290189548786145
chr2H 325750001 326750001 0.4341199273588927
chr2H 334000001 335000001 2.9301116435423182
chr2H 336000001 337000001 1.2269146436303657
chr2H 343500001 344500001 3.87533494766879
chr2H 351000001 352000001 0.6663240186716308
chr2H 359250001 360250001 1.9732265231556099
chr2H 362000001 363000001 3.344253217994847
chr2H 364500001 365500001 0.237574340161828
chr2H 366500001 367500001 2.5561011291256364
chr2H 373500001 374500001 1.0372603434243501
chr2H 37750001 38750001 0.44916177918815947
chr2H 383000001 384000001 0.3146829559161972
chr2H 385500001 386500001 1.2349281854389318
chr2H 389250001 390250001 0.5407410396609862
chr2H 393250001 394250001 0.4609659436231226
chr2H 405500001 406500001 0.14299828364357836
chr2H 428000001 429000001 0.7616632209581553
chr2H 480000001 481000001 0.30102334759951077
chr2H 501250001 502250001 1.2870249860835798
chr2H 504250001 505250001 1.3297170569138643
chr2H 508500001 509500001 2.579226252385787
chr2H 508750001 509750001 2.2723856471991084
chr2H 510500001 511500001 1.3300817220459749
chr2H 514750001 515750001 0.5384523502106617
chr2H 536750001 537750001 0.32978477443784016
chr2H 542500001 543500001 0.5019644349450232
chr2H 561250001 562250001 0.12745118054776583
chr2H 56250001 57250001 2.821571568941014
chr2H 573250001 574250001 0.8841945972354139
chr2H 575750001 576750001 3.2747609983336474
chr2H 581500001 582500001 1.9503515620914484
chr2H 589250001 590250001 3.132178505234208
chr2H 591750001 592750001 0.9164667702543738
chr2H 597500001 598500001 2.057613035315164
chr2H 604250001 605250001 0.9603821180048726
chr2H 617500001 618500001 1.2775741466708581
chr2H 618000001 619000001 0.16431646898513463
chr2H 639500001 640500001 1.4053177943200694
chr2H 647250001 648250001 1.4650956389262717
chr2H 651750001 652750001 0.8864083019622413
chr2H 655750001 656750001 0.5484313269859769
chr2H 665250001 666250001 0.10633506795764447
chr2H 680250001 681250001 0.9387540086209363
chr2H 68250001 69250001 0.11914712948207296
chr2H 688000001 689000001 0.4987035765603167
chr2H 701000001 702000001 0.2510628348396864
chr2H 705000001 706000001 0.3268470405403363
chr2H 718750001 719750001 1.7443256104762526
chr2H 720000001 721000001 2.4210086867007767
chr2H 726000001 727000001 1.9409528407049663
chr2H 726250001 727250001 0.7440007295838171
chr2H 737750001 738750001 4.765778851699871
chr2H 79750001 80750001 2.0913711054464557
chr2H 94500001 95500001 0.7816170488270444
chr2H 99750001 100750001 1.2777653593411316
chr3H 1750001 2750001 1.9424856045359462
chr3H 113500001 114500001 0.24950614397916127
chr3H 114000001 115000001 0.525368391510483
chr3H 115000001 116000001 0.27750557601601145
chr3H 116500001 117500001 1.7327326747678882
chr3H 148750001 149750001 1.297357587175064
chr3H 16000001 17000001 1.63028233487816
chr3H 169000001 170000001 8.872942080671152
chr3H 174000001 175000001 1.2737277320492666
chr3H 180000001 181000001 1.2438714195388343
chr3H 196750001 197750001 1.4058985084178062
chr3H 212750001 213750001 0.6672700080692522
chr3H 217000001 218000001 1.8654072112716875
chr3H 229500001 230500001 0.8480829863720061
chr3H 251000001 252000001 0.44615846889657007
chr3H 258750001 259750001 1.813082113076419
chr3H 260000001 261000001 0.4263424959748363
chr3H 264500001 265500001 1.4130383466630008
chr3H 26500001 27500001 0.21398613594914195
chr3H 265250001 266250001 3.6323083383847177
chr3H 266500001 267500001 0.1851745187163374
chr3H 267750001 268750001 0.6932723157101748
chr3H 282750001 283750001 0.7971500245676708
chr3H 291750001 292750001 3.8989623006990044
chr3H 307250001 308250001 0.4299980451963492
chr3H 32000001 33000001 0.12090846359217267
chr3H 32750001 33750001 0.8666092844287903
chr3H 338750001 339750001 0.916838269940186
chr3H 379250001 380250001 2.777675882646051
chr3H 398000001 399000001 0.36903270076525985
chr3H 402250001 403250001 0.8611451067491345
chr3H 406250001 407250001 2.676719451604285
chr3H 423250001 424250001 0.893986454577572
chr3H 430000001 431000001 1.7491570078573204
chr3H 432250001 433250001 0.3361957028297695
chr3H 434750001 435750001 0.18289779846490717
chr3H 443000001 444000001 0.8206795902739259
chr3H 449250001 450250001 2.2585470335841933
chr3H 452000001 453000001 2.397327377867555
chr3H 462250001 463250001 0.12545462101326166
chr3H 464500001 465500001 0.8997802029129929
chr3H 477500001 478500001 1.262199854054245
chr3H 48000001 49000001 1.643014035965237
chr3H 484000001 485000001 1.1951682449334342
chr3H 487500001 488500001 2.044147018091678
chr3H 488750001 489750001 0.4867698747243878
chr3H 492750001 493750001 1.0142276975044808
chr3H 49500001 50500001 2.9776763568679883
chr3H 504750001 505750001 1.9159876294430234
chr3H 507250001 508250001 0.897383710954216
chr3H 519250001 520250001 7.270714595423939
chr3H 524500001 525500001 0.7597145567326109
chr3H 537000001 538000001 1.6941104550837878
chr3H 555750001 556750001 1.3880138288859598
chr3H 558750001 559750001 0.9970075590556888
chr3H 567000001 568000001 0.7746784551441124
chr3H 574000001 575000001 0.8687290585683343
chr3H 575250001 576250001 2.9935359754377373
chr3H 586000001 587000001 2.691515962362189
chr3H 614000001 615000001 0.4875075397815465
chr3H 637000001 638000001 2.818201115989652
chr3H 667250001 668250001 3.498579583504153
chr3H 688000001 689000001 0.1554115210404845
chr3H 75750001 76750001 4.458280468470065
chr3H 95750001 96750001 4.796074096157014
chr4H 2500001 3500001 0.20319792898435196
chr4H 3000001 4000001 1.1842632181699528
chr4H 7500001 8500001 0.19914181325000868
chr4H 110500001 111500001 0.7650477877484292
chr4H 12000001 13000001 0.33546601503569207
chr4H 127750001 128750001 0.1306552173265061
chr4H 128250001 129250001 0.27183593200412304
chr4H 159000001 160000001 2.706081228228939
chr4H 161250001 162250001 3.2698998587721917
chr4H 165500001 166500001 0.2962991203207537
chr4H 167750001 168750001 1.069280229324768
chr4H 182500001 183500001 0.268585475487356
chr4H 184750001 185750001 3.1591508450480035
chr4H 186250001 187250001 0.41436961205027956
chr4H 187500001 188500001 0.3691591379809296
chr4H 195750001 196750001 0.9252005744161522
chr4H 198000001 199000001 0.10348626433338382
chr4H 199500001 200500001 1.52208474674066
chr4H 20750001 21750001 0.7565668415060856
chr4H 208500001 209500001 0.4469010804544382
chr4H 214750001 215750001 0.21932131435748659
chr4H 215500001 216500001 0.663959564699482
chr4H 216000001 217000001 1.4701005179366575
chr4H 218500001 219500001 0.6954809979147996
chr4H 231250001 232250001 3.972146305543532
chr4H 233000001 234000001 1.0922086788133782
chr4H 251750001 252750001 1.8082355728953416
chr4H 255000001 256000001 6.745309432726458
chr4H 274750001 275750001 1.4653279602102884
chr4H 278000001 279000001 0.9057482152792602
chr4H 307750001 308750001 2.2909067059072896
chr4H 317750001 318750001 3.2829536336939213
chr4H 332000001 333000001 1.2279277669828872
chr4H 341500001 342500001 0.1441538006090184
chr4H 343500001 344500001 0.6625669633049824
chr4H 347500001 348500001 0.1261858410523189
chr4H 359500001 360500001 0.8060321082315625
chr4H 364750001 365750001 0.1965341964309033
chr4H 365250001 366250001 0.9021369786254638
chr4H 36750001 37750001 0.14650334127007625
chr4H 384500001 385500001 0.39904409371834504
chr4H 392250001 393250001 1.4125769535723265
chr4H 403750001 404750001 0.133288737101239
chr4H 405000001 406000001 0.26655117181486787
chr4H 418500001 419500001 0.5707877805220107
chr4H 419750001 420750001 1.0396969103775007
chr4H 422750001 423750001 0.5495770667676965
chr4H 429750001 430750001 0.12818278823544915
chr4H 438000001 439000001 1.102398000657189
chr4H 44000001 45000001 2.3016146461856124
chr4H 442750001 443750001 0.13091485023737448
chr4H 456500001 457500001 6.156506180056979
chr4H 460000001 461000001 0.10309772720677302
chr4H 46000001 47000001 0.5071774344118012
chr4H 466000001 467000001 0.2745940523892614
chr4H 472750001 473750001 0.22178018749531248
chr4H 480750001 481750001 2.7521901436300595
chr4H 485000001 486000001 0.30609223772425764
chr4H 492000001 493000001 4.324524743659595
chr4H 497250001 498250001 3.8365134394576685
chr4H 499250001 500250001 0.7046843521274582
chr4H 513000001 514000001 1.8759738505565196
chr4H 516000001 517000001 4.428055355285011
chr4H 527500001 528500001 0.4453714364277346
chr4H 531750001 532750001 1.6791187984070746
chr4H 538500001 539500001 2.7890841236408903
chr4H 550500001 551500001 1.6731550871811578
chr4H 555000001 556000001 0.5460472581605984
chr4H 555250001 556250001 0.4172613834282686
chr4H 557250001 558250001 1.0672041172547324
chr4H 564000001 565000001 0.8837993675619771
chr4H 56500001 57500001 1.2927181466413344
chr4H 565250001 566250001 0.21891481752251707
chr4H 568750001 569750001 0.1259616814511162
chr4H 573500001 574500001 4.6844023435761954
chr4H 578500001 579500001 0.442733242812821
chr4H 58750001 59750001 5.85514103456525
chr4H 595500001 596500001 3.808194611424483
chr4H 595750001 596750001 4.989120052690566
chr4H 60250001 61250001 1.214841123814466
chr4H 608500001 609500001 0.540762697395337
chr4H 611250001 612250001 0.46087388766758863
chr4H 621000001 622000001 2.3558229137611733
chr4H 629500001 630500001 1.6757119131789437
chr4H 639750001 640750001 0.5610427171161447
chr4H 641500001 642500001 0.23815370297964478
chr4H 75500001 76500001 0.8266632114581967
chr4H 84500001 85500001 0.1813274477844402
chr4H 86250001 87250001 0.3288886654547838
chr4H 88250001 89250001 0.9208506976362401
chr4H 93000001 94000001 3.3159628610730323
chr4H 94750001 95750001 1.4078638325192827
chr4H 98750001 99750001 0.41668568066751277
chr5H 6250001 7250001 3.393816915048035
chr5H 102750001 103750001 0.1182107324401045
chr5H 117500001 118500001 1.3460069118599876
chr5H 145500001 146500001 0.7762564043485227
chr5H 151250001 152250001 1.2926378046252296
chr5H 153250001 154250001 1.5347012604405563
chr5H 159000001 160000001 0.8929415692117431
chr5H 190750001 191750001 1.1034081991072942
chr5H 205750001 206750001 2.259836843688227
chr5H 213000001 214000001 3.5285526383656567
chr5H 225250001 226250001 0.6209841294504148
chr5H 236000001 237000001 2.0878440040443706
chr5H 237000001 238000001 1.9056143585284175
chr5H 279750001 280750001 0.428877128742684
chr5H 285250001 286250001 3.44306870246146
chr5H 286000001 287000001 1.973262893160026
chr5H 291500001 292500001 0.8766756134487679
chr5H 317250001 318250001 2.3367844942602645
chr5H 317500001 318500001 2.139494641770554
chr5H 337500001 338500001 0.3558997060813951
chr5H 341000001 342000001 1.2842720755607857
chr5H 347250001 348250001 2.2060615323821793
chr5H 349250001 350250001 2.2234619998143614
chr5H 355250001 356250001 4.911399842942842
chr5H 387500001 388500001 0.883693664657244
chr5H 404000001 405000001 1.8035556520715517
chr5H 407000001 408000001 0.12495814081995604
chr5H 425000001 426000001 2.1700259896012994
chr5H 433750001 434750001 0.6888149163352608
chr5H 45500001 46500001 0.4483955918026439
chr5H 461000001 462000001 0.2912503697011175
chr5H 464500001 465500001 0.3253405532926905
chr5H 469750001 470750001 0.6302938051395159
chr5H 480000001 481000001 0.26666146854502415
chr5H 484750001 485750001 0.5136374317083039
chr5H 486500001 487500001 0.9636309608536067
chr5H 489750001 490750001 1.6258227854225034
chr5H 493250001 494250001 0.26088352761857436
chr5H 499500001 500500001 0.6618992841100066
chr5H 512250001 513250001 0.5744745290865296
chr5H 522500001 523500001 1.5220814723775646
chr5H 523750001 524750001 3.3613253539356833
chr5H 524250001 525250001 0.3098319465300108
chr5H 526250001 527250001 0.2770925112551055
chr5H 537500001 538500001 0.11385345790330348
chr5H 541250001 542250001 1.6291525598079204
chr5H 545500001 546500001 3.482137114527845
chr5H 580500001 581500001 0.3787859923339596
chr5H 587750001 588750001 0.8982610318255979
chr5H 597250001 598250001 3.1046659551417974
chr5H 598500001 599500001 1.235445507953571
chr5H 60750001 61750001 2.6265482675736678
chr5H 635250001 636250001 0.11679545361633359
chr5H 638750001 639750001 0.2075155150416066
chr5H 647250001 648250001 2.048941179044945
chr5H 659250001 660250001 0.5175838519944875
chr5H 668000001 669000001 0.8922709115240011
chr5H 88000001 89000001 0.8959437717731191
chr6H 4500001 5500001 1.37031839482718
chr6H 6000001 7000001 4.405116300353065
chr6H 100750001 101750001 0.6829232598709325
chr6H 103500001 104500001 0.19708174652048172
chr6H 104500001 105500001 0.21642445519971432
chr6H 117750001 118750001 2.4547402149484867
chr6H 120750001 121750001 0.6046741933636071
chr6H 128500001 129500001 0.6242948746026684
chr6H 134250001 135250001 1.8538277528887477
chr6H 152000001 153000001 0.88115722838387
chr6H 168750001 169750001 0.45862870703177805
chr6H 169500001 170500001 0.5576209681691182
chr6H 170500001 171500001 2.0656067227681376
chr6H 174750001 175750001 1.969652216441375
chr6H 175000001 176000001 0.23824607013904142
chr6H 18500001 19500001 0.9774642422502211
chr6H 197000001 198000001 4.6799764102370105
chr6H 232750001 233750001 3.9659092946617918
chr6H 238500001 239500001 1.3755902586585904
chr6H 290000001 291000001 0.5546407227147157
chr6H 290250001 291250001 6.015195534411241
chr6H 298750001 299750001 3.1832931835889298
chr6H 354000001 355000001 5.818753649915223
chr6H 374250001 375250001 3.5626573442198435
chr6H 378250001 379250001 0.10477197301490548
chr6H 38750001 39750001 2.1872230024231882
chr6H 388250001 389250001 0.10640350673197929
chr6H 398500001 399500001 0.3111294224390093
chr6H 410750001 411750001 0.2735434898594775
chr6H 413250001 414250001 0.4387975374305313
chr6H 422000001 423000001 2.1371805669607795
chr6H 426750001 427750001 0.11837918257187141
chr6H 431750001 432750001 0.24019031923579348
chr6H 436750001 437750001 13.209333127069627
chr6H 452000001 453000001 0.9375951100926727
chr6H 477000001 478000001 0.763609747063299
chr6H 480750001 481750001 2.7723806341642216
chr6H 488000001 489000001 0.46794161300033466
chr6H 509500001 510500001 0.24331216927157584
chr6H 515250001 516250001 0.3198108055231046
chr6H 517000001 518000001 1.2739341307449479
chr6H 522250001 523250001 0.10608413739626599
chr6H 525000001 526000001 0.12712982994129618
chr6H 530000001 531000001 0.9932052811760812
chr6H 537250001 538250001 6.480853358787158
chr6H 564250001 565250001 0.5787829833859348
chr6H 57000001 58000001 0.3735376736961342
chr6H 577750001 578750001 0.9293681094120814
chr6H 58750001 59750001 8.355765782932906
chr6H 80750001 81750001 6.836655024193146
chr6H 88250001 89250001 4.137595384735377
chr6H 91750001 92750001 0.4988220165402879
chr6H 98750001 99750001 1.501303345944251
chr7H 104500001 105500001 1.1405819390687384
chr7H 111500001 112500001 1.7802392311437458
chr7H 125500001 126500001 3.099587792242133
chr7H 129750001 130750001 8.27884813166623
chr7H 134250001 135250001 0.4207037339778168
chr7H 136750001 137750001 1.6184922032827274
chr7H 137500001 138500001 1.6746709992516813
chr7H 141750001 142750001 0.25527379590654675
chr7H 15750001 16750001 4.08725749632535
chr7H 157750001 158750001 1.1183426017075817
chr7H 161250001 162250001 3.6586937238483017
chr7H 161750001 162750001 0.5797774996563021
chr7H 168750001 169750001 0.2733624512046475
chr7H 196000001 197000001 1.9726894097833565
chr7H 198750001 199750001 0.11739095201123462
chr7H 22000001 23000001 1.9300661821522596
chr7H 225000001 226000001 0.6241184842618708
chr7H 226500001 227500001 0.12663964249118465
chr7H 242500001 243500001 0.9523133837357136
chr7H 246000001 247000001 0.19853224648686307
chr7H 250250001 251250001 0.1862919058880692
chr7H 254250001 255250001 0.5510716858068889
chr7H 264250001 265250001 0.13268555779390567
chr7H 315250001 316250001 2.897900205963836
chr7H 322000001 323000001 2.7104493949731783
chr7H 336000001 337000001 7.119258924821777
chr7H 35000001 36000001 0.27597384381481227
chr7H 351250001 352250001 1.8256696742050806
chr7H 39500001 40500001 4.5335250257316915
chr7H 404750001 405750001 0.5644522955513196
chr7H 406250001 407250001 2.248436946020405
chr7H 406750001 407750001 0.21747160665370302
chr7H 407500001 408500001 0.33655290968995644
chr7H 438750001 439750001 0.5872470045872262
chr7H 44250001 45250001 1.7338230012992355
chr7H 444250001 445250001 1.568489308643791
chr7H 449000001 450000001 0.17910640563727043
chr7H 463500001 464500001 3.601316115728636
chr7H 469250001 470250001 1.630803003501768
chr7H 491000001 492000001 0.20750781647433314
chr7H 492250001 493250001 0.23658767449961005
chr7H 524750001 525750001 0.9438588066799554
chr7H 534500001 535500001 1.423269410796408
chr7H 534750001 535750001 0.34383830944662463
chr7H 536250001 537250001 0.5814408032766778
chr7H 54500001 55500001 6.380370790968115
chr7H 553000001 554000001 0.9063870320542691
chr7H 554750001 555750001 1.7876365381105046
chr7H 567000001 568000001 1.3835050704500134
chr7H 574000001 575000001 3.834982535436687
chr7H 574750001 575750001 1.4517741562035695
chr7H 575750001 576750001 3.8965763450174222
chr7H 577000001 578000001 0.9364203298135862
chr7H 57750001 58750001 0.7341654567131712
chr7H 58000001 59000001 4.422637220323736
chr7H 582750001 583750001 1.6605800424732422
chr7H 60750001 61750001 4.259478354290266
chr7H 610000001 611000001 0.5918332160714783
chr7H 616750001 617750001 4.664050931357501
chr7H 625250001 626250001 3.980854725328328
chr7H 628000001 629000001 0.2355072480621203
chr7H 639000001 640000001 1.6032438753445533
chr7H 88000001 89000001 0.45075484973597213
chr1A 163500001 164500001 5.508494743365986
chr1A 184000001 185000001 3.3131783217449993
chr1A 251500001 252500001 7.302427855240751
chr1A 321500001 322500001 0.3537647016496521
chr1A 344500001 345500001 1.5740201227860666
chr1A 365500001 366500001 3.243439661107999
chr1A 424500001 425500001 7.539648337857102
chr1A 511000001 512000001 0.2569233256445216
chr1A 86500001 87500001 9.196258341377643
chr1B 206000001 207000001 1.1818480049364553
chr1B 21500001 22500001 1.573822063743762
chr1B 216500001 217500001 4.255107197298685
chr1B 23500001 24500001 0.20072190136556856
chr1B 305000001 306000001 5.26001744967698
chr1B 312000001 313000001 6.076786341716513
chr1B 334000001 335000001 3.7014537657971402
chr1B 348000001 349000001 3.1379851182126686
chr1B 353000001 354000001 3.7378991618604687
chr1B 364000001 365000001 5.724115056555377
chr1B 366500001 367500001 6.351339902143678
chr1B 375500001 376500001 1.2780261415832967
chr1B 39000001 40000001 3.571545211161549
chr1B 40500001 41500001 13.322265631115584
chr1B 459500001 460500001 1.8882339457429822
chr1B 462500001 463500001 1.134390956034082
chr1B 505000001 506000001 0.9321349216875205
chr1B 539000001 540000001 3.133741723402693
chr1B 588500001 589500001 4.845482131340475
chr1B 647000001 648000001 5.408539016278553
chr2A 11000001 12000001 8.689060570358677
chr2A 118500001 119500001 0.14496290217502406
chr2A 119000001 120000001 0.7776607718149648
chr2A 244500001 245500001 1.2587545627282566
chr2A 259500001 260500001 1.3955118445545054
chr2A 297000001 298000001 9.000688891627533
chr2A 327500001 328500001 2.1996047172225417
chr2A 358500001 359500001 4.912032600889859
chr2A 378500001 379500001 3.5431727369070813
chr2A 463500001 464500001 15.378822120360326
chr2A 47000001 48000001 0.12319188277442095
chr2A 499000001 500000001 0.10600084362434359
chr2A 53500001 54500001 2.5512415761321563
chr2A 539000001 540000001 1.6122623846592887
chr2A 547000001 548000001 0.1826060726766059
chr2A 630500001 631500001 4.491896492756155
chr2A 711500001 712500001 1.0793675487439884
chr2A 724500001 725500001 1.113163815470628
chr2A 749000001 750000001 15.690558429278013
chr2A 75000001 76000001 12.722206680340449
chr2B 131500001 132500001 9.108751864526312
chr2B 185000001 186000001 3.075512204311906
chr2B 191500001 192500001 1.7913177233626811
chr2B 284000001 285000001 3.4561755200661253
chr2B 289000001 290000001 2.842437720404206
chr2B 29000001 30000001 17.90201687601828
chr2B 361000001 362000001 2.8192218293381757
chr2B 370000001 371000001 1.2661203066943472
chr2B 379000001 380000001 1.8736278206412749
chr2B 406500001 407500001 0.20804840836450467
chr2B 419000001 420000001 10.227450013543546
chr2B 434000001 435000001 12.060806341415912
chr2B 487500001 488500001 0.6335293562668767
chr2B 509500001 510500001 4.56985436901504
chr2B 535500001 536500001 0.9972779242220717
chr2B 55000001 56000001 3.1817051653614783
chr2B 578000001 579000001 2.734497230836837
chr2B 582500001 583500001 2.5423430195098717
chr2B 630500001 631500001 1.8220443544523022
chr2B 63500001 64500001 0.24514493721838448
chr2B 641000001 642000001 0.5883753227765283
chr2B 660500001 661500001 20.730961333944265
chr2B 675500001 676500001 0.3158218209041479
chr2B 699000001 700000001 1.7707366719621689
chr2B 75500001 76500001 1.8072693585751836
chr2B 764500001 765500001 2.3493794275428854
chr3A 116500001 117500001 0.6167679676254636
chr3A 133000001 134000001 0.8647187080699723
chr3A 158500001 159500001 4.36464948183756
chr3A 176000001 177000001 2.783880423261735
chr3A 186000001 187000001 3.857712423002397
chr3A 231000001 232000001 3.045363113165166
chr3A 232500001 233500001 6.254334357191567
chr3A 235500001 236500001 3.9474333163160225
chr3A 267500001 268500001 2.9948431823027875
chr3A 282500001 283500001 0.24040205304265783
chr3A 286000001 287000001 5.358148360370791
chr3A 339000001 340000001 0.12866948309516602
chr3A 497000001 498000001 0.9183901265603254
chr3A 559500001 560500001 1.5851655949914658
chr3A 560000001 561000001 1.2501298423661353
chr3A 65500001 66500001 4.515414286084365
chr3A 688500001 689500001 4.5139885893159715
chr3A 73500001 74500001 0.9642669623120455
chr3A 82000001 83000001 3.3819042311434373
chr3B 6000001 7000001 9.210850399324386
chr3B 104500001 105500001 5.224071586879518
chr3B 113500001 114500001 1.524685536408299
chr3B 135500001 136500001 5.837736749093324
chr3B 192500001 193500001 2.7620283269962442
chr3B 203500001 204500001 8.646741395428904
chr3B 220500001 221500001 7.0873331949483145
chr3B 23000001 24000001 2.024877147463087
chr3B 276500001 277500001 1.4102546804525105
chr3B 285500001 286500001 7.45255396717036
chr3B 313000001 314000001 2.762566873752803
chr3B 317000001 318000001 0.8665452089221048
chr3B 326500001 327500001 6.348937427055546
chr3B 360000001 361000001 2.345601852953564
chr3B 376500001 377500001 0.16341534845378192
chr3B 38000001 39000001 8.698983976738191
chr3B 386500001 387500001 3.165806567819345
chr3B 387500001 388500001 4.157005260152189
chr3B 432500001 433500001 4.964744786845472
chr3B 433500001 434500001 1.9398015543155793
chr3B 485500001 486500001 2.254720993492242
chr3B 491000001 492000001 6.158583564206651
chr3B 517500001 518500001 1.5956016456687507
chr3B 539000001 540000001 1.3071328370152742
chr3B 539500001 540500001 4.136401038471718
chr3B 55500001 56500001 3.8481977277248376
chr3B 567500001 568500001 0.8055627060891908
chr3B 604000001 605000001 1.942538436654388
chr3B 616000001 617000001 0.3550438684094672
chr3B 633500001 634500001 2.271401976331447
chr3B 66500001 67500001 8.481487909255513
chr3B 720000001 721000001 2.2791489755434924
chr3B 806500001 807500001 4.50972411247551
chr3B 81000001 82000001 1.2849684476700816
chr3B 829500001 830500001 10.696126881215648
chr4A 109500001 110500001 3.949320765289997
chr4A 119000001 120000001 3.73769844116066
chr4A 149500001 150500001 2.7336716224413067
chr4A 262500001 263500001 2.7406619850515312
chr4A 359500001 360500001 0.7493030353711845
chr4A 448000001 449000001 4.4809988531217755
chr4A 470500001 471500001 0.9770353541738075
chr4A 583000001 584000001 4.083228712639595
chr4A 674000001 675000001 2.698929243117817
chr4A 75500001 76500001 0.562248134481024
chr4A 95000001 96000001 1.8722429223146833
chr4B 1000001 2000001 0.10902284783463756
chr4B 150500001 151500001 2.3316442553892784
chr4B 165500001 166500001 2.18310432991575
chr4B 173000001 174000001 1.0217705258708065
chr4B 185000001 186000001 2.591154221418492
chr4B 191500001 192500001 0.6928108890391513
chr4B 204000001 205000001 0.6333093711978108
chr4B 229000001 230000001 2.223353640360017
chr4B 260500001 261500001 4.982817937486345
chr4B 350500001 351500001 0.18958527628819866
chr4B 381000001 382000001 7.366083253423085
chr4B 388500001 389500001 19.73039493862447
chr4B 390500001 391500001 7.269732726266113
chr4B 531500001 532500001 3.902958293503062
chr4B 56500001 57500001 10.662064528511564
chr4B 578000001 579000001 0.6296691093603926
chr4B 603000001 604000001 4.632130685174786
chr4B 67000001 68000001 2.0920661846993767
chr4B 81500001 82500001 3.867990819903895
chr5A 110500001 111500001 6.813872545949792
chr5A 139000001 140000001 1.4621936007359864
chr5A 199500001 200500001 6.357217301161171
chr5A 38500001 39500001 1.9031629247469795
chr5A 450500001 451500001 3.2179775408757223
chr5A 57500001 58500001 3.588291812215104
chr5A 647000001 648000001 0.25437382344958337
chr5A 77500001 78500001 2.1320579638705226
chr5B 5000001 6000001 9.805135633895006
chr5B 150000001 151000001 2.8174005825243285
chr5B 150500001 151500001 3.330379970473359
chr5B 155000001 156000001 0.969993026978841
chr5B 207000001 208000001 4.27109041227726
chr5B 21000001 22000001 115.27114871811887
chr5B 292000001 293000001 8.411384428248311
chr5B 297000001 298000001 4.838821957606513
chr5B 318500001 319500001 11.32501920678186
chr5B 359000001 360000001 0.501940671634884
chr5B 386500001 387500001 3.402458883313443
chr5B 400500001 401500001 2.489868731866011
chr5B 403500001 404500001 4.66442273853761
chr5B 405500001 406500001 9.713769300634794
chr5B 412500001 413500001 0.48620400337534875
chr5B 48000001 49000001 2.3754515385584227
chr5B 50000001 51000001 0.972943481360403
chr5B 636000001 637000001 3.3505094155125335
chr5B 652500001 653500001 3.2051505513101546
chr5B 68000001 69000001 6.7234162466697995
chr5B 92000001 93000001 0.5706214210463258
chr6A 10000001 11000001 5.0881148451199465
chr6A 116500001 117500001 0.6470959156857532
chr6A 126500001 127500001 1.8114344793395958
chr6A 132500001 133500001 3.861592327572339
chr6A 148500001 149500001 0.14856377090620754
chr6A 152500001 153500001 1.9078866464927273
chr6A 383500001 384500001 3.530433401947903
chr6A 389000001 390000001 0.1405435876930028
chr6A 402500001 403500001 1.8951159289011912
chr6A 414000001 415000001 8.462017564291443
chr6A 443500001 444500001 1.8220776267027645
chr6A 478500001 479500001 5.834170583035444
chr6A 485000001 486000001 2.7519967762567887
chr6A 529000001 530000001 20.276860782717677
chr6A 65000001 66000001 1.0515387799734484
chr6A 96000001 97000001 0.9021502317149555
chr6B 197000001 198000001 0.825754882822821
chr6B 278500001 279500001 1.0527606125244802
chr6B 293500001 294500001 2.6697382702230925
chr6B 404500001 405500001 1.7701262145579904
chr6B 413000001 414000001 1.2607938674124455
chr6B 415500001 416500001 1.5117511315733054
chr6B 496000001 497000001 4.8806418125194
chr6B 55000001 56000001 7.05895127501546
chr6B 59500001 60500001 6.272037270515625
chr6B 612500001 613500001 5.863062307370825
chr6B 615500001 616500001 0.2737889903448263
chr6B 650500001 651500001 3.4186037951543966
chr6B 661500001 662500001 0.3756360461788404
chr6B 662000001 663000001 4.309277545180976
chr6B 693500001 694500001 4.743325292912914
chr6B 88000001 89000001 2.016985972999123
chr7A 109000001 110000001 5.324571869416843
chr7A 12000001 13000001 8.66230463609594
chr7A 201500001 202500001 8.818365743454194
chr7A 304500001 305500001 6.069591141736382
chr7A 311000001 312000001 0.39405700163712254
chr7A 502000001 503000001 0.4940434594519729
chr7A 59000001 60000001 0.8725710978015968
chr7A 608000001 609000001 6.523677611442707
chr7A 69500001 70500001 6.352050998191032
chr7A 717000001 718000001 6.465381997616831
chr7A 727500001 728500001 1.2095008755715213
chr7B 145000001 146000001 3.3626837142290924
chr7B 174500001 175500001 0.44689011205372253
chr7B 384500001 385500001 1.18912895053802
chr7B 556500001 557500001 0.14177477129111082
chr7B 591000001 592000001 5.712795828512498
chr7B 598500001 599500001 12.475393923723487
chr7B 659000001 660000001 0.5312813393325655
chr7B 71000001 72000001 3.1414191045571442
chr7B 724000001 725000001 0.10927687687302523
chr7B 76000001 77000001 7.750094709136164
chr7B 79000001 80000001 4.048485264748422
chr7B 89000001 90000001 1.8751602054164778
