	A	gs	WUE	Ci	Tr	VPD	Tleaf	AL	AW	AW/AL	GCV	SCV	SA	SI	SD	DW
114C	11.75877307	0.289772498	40.57932742	324.6486593	2.752090027	1.233968873	25.99327374	18.7371725	2.509790344	0.133947123	1576.526267	4277.283073	36.93442825	18.6195286	83.29136667	5.805
114T	5.087673953	0.064950781	78.33122017	273.5765257	0.80605954	1.267971881	25.68993187	23.19033568	2.202226978	0.094963135	1678.770061	5401.359284	40.1105849	23.6563739	96.3056375	3.1625
115C	11.95594227	0.330976861	36.12319682	366.3993963	3.03193337	1.022079656	25.94541867	20.62511686	3.930782943	0.190582336	1340.788624	5940.386727	63.67447342	15.84995294	70.79776	5.1175
115T	5.96295885	0.072352409	82.41548461	286.7426591	0.91989398	1.277842352	25.83545494	19.85328382	2.1926785	0.110444122	1524.635173	10691.38874	34.18984964	22.5386288	79.12688	3.2875
118C	13.37014937	0.295268054	45.28139492	297.6226718	2.583984326	0.999387279	23.92378916	21.47004	2.194090759	0.102193138	1793.872825	5455.75566	36.99792121	15.61477223	57.262875	6.916666667
118T	2.200610529	0.040964682	53.71970187	324.6671434	0.509515219	1.241372982	23.97736497	19.84101459	1.136336108	0.057272077	2030.009038	9478.246515	17.70763514	18.6671588	62.46855	4.926666667
119C	13.35562101	0.271092464	49.26592506	324.7068389	2.536086253	1.017484141	23.97448699	18.43946484	2.436595677	0.13214026	1231.816743	2972.261619	35.28756274	23.63636365	104.11425	4.0725
119T	7.800862401	0.085327267	91.42285523	240.5020223	1.177465791	1.195509696	24.28867302	19.4110616	1.52368732	0.078495826	1234.417063	5040.610306	23.22924115	21.1144506	86.76186667	3.875
120C	15.40438507	0.315426953	48.83661623	321.8352086	3.016684245	1.024672417	25.26381458	22.37838529	2.678200853	0.11967802	2023.509842	6755.086018	47.07190475	17.33119005	62.46860833	5.33
120T	5.981989482	0.172785256	34.62094874	323.5825722	2.240464367	1.176633294	24.90612539	20.38951853	1.954102171	0.095838564	1222.667886	9014.04077	31.29277801	20.6582633	69.4095	3.0875
121C	12.15307323	0.31922712	38.07030309	335.7487054	3.323050254	1.013676837	24.09133233	18.69083886	2.398744457	0.128337977	2403.377234	4691.008948	35.21297017	16.93254983	66.63314	4.45
121T	8.692717267	0.153550122	56.61159458	324.8508033	1.578469915	1.098955972	24.14689567	18.02020893	1.680343164	0.093247707	3036.948253	9478.469673	23.78196233	19.0251338	55.52760833	2.88
122C	14.73306458	0.41950758	35.11990078	343.7156441	4.115498368	0.979617346	25.20111322	18.90530658	1.754774882	0.092819171	2598.388448	5420.010841	26.05523624	24.80880231	90.86333636	5.005
122T	8.542620954	0.173814183	49.14800846	329.2665295	2.032725676	1.256190825	25.08052335	21.40639118	1.186778753	0.055440394	2116.794545	6915.843968	19.95276563	22.8472405	85.1844	3.485
123C	12.42384896	0.325506903	38.16769739	335.4289793	3.316286016	1.268849626	24.9792312	17.88172286	2.6356462	0.147393303	1456.182029	4775.261122	37.0157329	20.88658696	85.37371	4.7525
123T	10.03177382	0.141716751	70.78749503	312.5428762	1.739805557	1.242161472	24.63854218	18.79085943	1.725899879	0.091847842	997.9336835	4586.354392	25.47135938	20.9020905	89.53826	3.1125
124C	13.2367093	0.367863774	35.98263875	351.7358472	3.623519907	1.101978565	24.15879765	17.61821971	2.841937071	0.161306711	2460.49617	4697.185695	39.32478529	18.85617586	76.35048889	5.6575
124T	8.338205832	0.123925304	67.28412637	299.8401437	1.480182379	1.306092745	23.78802141	17.01776371	1.096430497	0.064428589	1880.874443	5136.17013	14.65458342	15.8316881	67.674325	3.18
126C	15.62767591	0.391458146	39.92170316	333.579884	4.497691642	1.299719632	25.39428382	20.11229188	3.460429688	0.172055463	1516.950303	2883.735041	54.661491	17.39893945	62.46856364	10.95
126T	5.097938665	0.100538292	50.70643812	328.5227677	1.391410039	1.411196886	24.17843946	21.55261762	2.837007381	0.131631685	914.5922234	5060.017913	48.02311986	19.4277921	90.23240833	8.6
35C	11.48749349	0.243324427	47.21060526	319.0993793	2.567574152	1.163449412	24.90209116	21.51639917	3.056612836	0.142059683	1071.008991	2707.609746	51.65351811	13.19939776	74.03675556	6.9475
35T	8.325471364	0.093550928	88.99400045	234.2846589	1.200203222	1.350144249	24.81817932	20.01196688	1.410824138	0.070499024	866.6169497	4764.558941	22.17443374	16.1253655	50.56981429	3.18
ES11C	9.959010572	0.26753	37.22571694	403.2291	1.93124	0.777621	23.96649	10.31421	1.331051	0.129050213	733.9129	4249.281	10.78252682	14.48294	104.086	1.425
ES11T	4.132182601	0.089964527	45.93124356	320.4989491	0.784426881	0.887291881	23.68777148	9.918471216	0.750257011	0.075642404	542.0591697	4226.762801	5.84446391	13.30971805	92.3	1.036666667
ES13C	8.724319094	0.177819	49.06280035	332.9457	1.864789	1.124563	22.26356	8.665936	1.302572	0.150309441	400.6164	2781.701	8.865578857	14.5993	133.912	2.12
ES13T	4.281939772	0.056320266	76.02840107	291.9076259	0.681623968	1.234383483	21.95491123	8.990727818	0.726348223	0.08078859	391.4798744	3521.037612	5.128963518	12.0121729	110.26	0.5675
ES14C	7.851933792	0.117698	66.71238179	317.5761	1.353324	0.975262	23.56883	10.71507	0.990785	0.092466498	539.5872	4000.105	8.338046579	14.31426	114.465	1.911667
ES14T	3.071433453	0.060080465	51.12199865	258.0745703	0.526702017	0.921752887	23.61293902	9.790687088	0.853826903	0.087208068	398.426229	2721.320442	6.565576815	15.76917999	188.736	0.67933
ES19C	7.578823713	0.097079	78.0688025	292.4593	1.380374	0.961043	22.48533	10.59576	1.218049	0.114956266	498.6498	3071.789	10.13647033	11.6215	83.4	1.6
ES19T	4.333362055	0.048471932	89.39940861	254.5627809	0.551664419	1.151369628	23.23055267	11.15628607	0.974909703	0.087386582	585.823986	3309.370692	8.542282231	11.09755918	80.4	0.5295
ES1C	7.40807938	0.165032	44.8888205	338.7553	1.734018	1.30524	23.21603	9.39776	1.133568	0.120621084	496.0384	2647.672	8.366846641	14.49639	127.84	2.5075
ES1T	6.053769904	0.092834571	65.21029654	297.3063155	1.147220815	1.284157596	22.61520052	8.218599386	0.804148869	0.097845001	389.6889043	1907.084356	5.190678713	12.69362464	102.472	1.07
ES21C	7.667045625	0.115181	66.56499186	308.3113	1.498247	1.36107	23.8178	9.446217	1.166909	0.123531886	575.1997	2948.689	8.657346278	12.11384	73.8	1.47625
ES21T	3.37865004	0.048471932	69.70322619	224.3209931	0.352108997	1.400766483	23.57962799	9.159157984	0.977953282	0.106773274	466.4669387	2398.915201	7.0349909	13.50902939	88.7	1.03
ES23C	6.0024171	0.126143	47.5841908	340.8434	1.345581	1.109681	21.77271	9.188998	1.206205	0.131266216	549.8487	2993.6	8.705208206	12.50318	80.1	1.64
ES23T	5.726830192	0.047351185	120.9437566	221.1324218	0.543334996	1.166112163	21.64760462	9.373933971	0.953490426	0.101717212	444.6656578	2251.911067	7.019854459	13.47077708	106.87	1.16
ES6C	9.285302155	0.185496	50.05665169	332.8361	1.551622	0.902518	22.37354	9.363124	1.002862	0.107107628	538.6585	2609.226	7.374826913	13.71517	96.6	3.21
ES6T	5.873532484	0.072198187	81.35290827	259.8916242	0.618581039	0.916969125	21.9680481	9.948226789	0.829551142	0.083386835	522.5097196	2744.982432	6.48154774	12.94820462	89.5	1.0275
ES9C	10.44874526	0.160483	65.10808477	305.6271	1.804749	1.190767	23.11082	11.64043	1.09733	0.094268854	591.31	3353.676	10.03219944	13.98953	84.1	1.505
ES9T	4.750764862	0.054773388	86.7349097	259.2865432	0.72255307	1.350577711	23.17871366	10.62475213	0.832034575	0.078310963	586.7082952	3200.006462	6.94304631	13.05006857	116.258	0.54
WS10C	9.3538846	0.21018971	44.5021061	204.252923	2.29031236	1.28356552	17.9798504	30.4953372	1.59642452	0.05234979	7004.17753	2983.22421	38.2359348	14.0318627	117.16	1.8216
WS10T	2.38418009	0.03276479	72.7665216	234.996068	0.49129813	1.51741575	18.3990682	31.9275875	1.21146417	0.03794412	7062.34756	3389.51643	30.3785163	16.0026732	28.7	0.744
WS1C	9.005555679	0.196291328	45.87852031	158.0297464	2.64233059	1.478006031	19.81663677	31.23536964	1.439191905	0.046075712	5719.507316	2963.983484	35.30654646	15.61360223	30.6	2.016
WS1T	3.753553534	0.065490885	57.31413668	170.1847064	0.890363965	1.422800165	16.95147991	32.67640143	1.324391854	0.04053053	6539.319953	3148.626047	33.98917356	14.14814855	30.3	0.9774
WS3C	9.810608456	0.157961966	62.10740917	304.1472395	2.173928377	1.502287905	17.75865691	30.48666884	1.452680338	0.047649691	5944.009012	2851.235631	34.78323037	16.76548334	120.1	1.3782
WS3T	4.416898612	0.045629376	96.79945244	257.7776464	0.720507692	1.632209033	17.05603218	33.69632974	1.286102199	0.038167427	5920.695351	3806.751655	34.03674034	16.82822741	132.233	1.0134
WS4C	12.51324081	0.300285346	41.67116703	352.7984956	2.055890241	0.790314716	14.89316218	34.90423508	2.738225796	0.078449672	7147.876942	3193.75726	75.06496109	14.708403	27.8	2.07
WS4T	8.50677649	0.103328883	82.3271891	269.2662378	0.892718509	0.901792133	14.64925941	35.7098328	1.384647275	0.038774958	6752.218515	3029.60675	38.8344227	16.42975202	38.9	1.359
WS6C	10.7949169	0.182521267	59.14333753	293.8889512	2.226581303	1.288918972	19.02563477	37.34945089	3.158308965	0.084561055	6885.236224	1805.138417	92.64643568	14.74163587	32.4	2.133
WS6T	6.504435679	0.066994023	97.08979082	243.7383792	0.674524213	1.041333587	15.65293789	32.65756315	1.207249111	0.036966907	6480.238975	3204.347822	30.96496197	15.07545072	32.4	1.1592
WS8C	10.83595591	0.198185534	54.6758166	309.5493661	2.002159639	1.118093468	18.68391582	33.13782989	2.610963903	0.078791035	6862.154091	3122.724936	67.95396673	14.32578732	31.3	1.9089
WS8T	4.852004059	0.038556448	125.8415728	245.3748326	0.520548085	1.379421297	19.79484336	32.02717038	1.2307926	0.038429639	6225.192464	3557.952369	30.9594565	14.72477615	33.1	1.1151
WS9C	7.614365508	0.179215425	42.48722169	203.5830908	2.082016975	1.525508828	19.65536993	34.75512017	2.182784826	0.062804698	6411.247591	2544.72565	59.58262076	14.19822324	31.7	2.4966
WS9T	4.833063065	0.091460493	52.84317749	203.4867346	1.045929642	1.630195594	20.110677	31.61305902	0.888229669	0.028096922	5241.716461	2936.243287	22.053711	16.38708514	37.3	1.0284
